Step Temp PotEng KinEng Press Lx Ly Lz Volume
0 773 -329322.654625074 5900.4630918955 -16037.0365466811 100 100 100 1000000
1000 723.892881524886 -323700.873858952 5525.61866743011 169.734408891305 100.317321348511 100.317321348511 100.317321348511 1009549.88025879
2000 781.122188187871 -323422.066528302 5962.46137343233 -233.868431641508 100.386345246037 100.386345246037 100.386345246037 1011635.19384277
3000 770.085759395825 -323867.193870487 5878.21811243129 106.625611271678 100.343953760371 100.343953760371 100.343953760371 1010354.14475909
4000 775.354936675191 -324173.754760117 5918.43879297664 -233.259785874153 100.346707680937 100.346707680937 100.346707680937 1010437.33396932
5000 770.532900695699 -324528.043622606 5881.63123110758 195.783229438624 100.307805370133 100.307805370133 100.307805370133 1009262.61351051
6000 774.496267933939 -324800.879142793 5911.88440330533 382.924105017804 100.294455437424 100.294455437424 100.294455437424 1008859.69985457
7000 770.763008703563 -325140.713891194 5883.38769140195 938.917170684464 100.260575456995 100.260575456995 100.260575456995 1007837.65127346
8000 775.395313562612 -325424.703093823 5918.74699780716 -248.743413993301 100.280534855609 100.280534855609 100.280534855609 1008439.67768789
9000 772.179326362815 -325614.619108896 5894.19872642758 -326.131189081514 100.27050604875 100.27050604875 100.27050604875 1008137.15331311
10000 772.782062570841 -325800.271989272 5898.7995320545 82.3361419017805 100.255793619414 100.255793619414 100.255793619414 1007693.45443182
11000 771.622688104655 -326014.555329507 5889.94979564129 -130.555548432387 100.261292247907 100.261292247907 100.261292247907 1007859.26736822
12000 771.945697321392 -326124.572963454 5892.41538938216 -647.624738791828 100.274836882324 100.274836882324 100.274836882324 1008267.78782316
13000 772.487543944951 -326297.580636922 5896.55141267295 -293.068005926483 100.25720258209 100.25720258209 100.25720258209 1007735.94042794
14000 774.448645806686 -326414.698769826 5911.52089411488 542.460438178972 100.239341546158 100.239341546158 100.239341546158 1007197.44540797
15000 772.250321401793 -326547.646606976 5894.74064571245 283.580248403622 100.23891064058 100.23891064058 100.23891064058 1007184.45634226
16000 776.062119386614 -326630.646987016 5923.83685958463 460.133387618824 100.24116276362 100.24116276362 100.24116276362 1007252.34477806
17000 771.942952222208 -326734.953007412 5892.39443549288 -127.00679216974 100.249694419125 100.249694419125 100.249694419125 1007509.5523324
18000 771.115974491845 -326761.324458203 5886.08194962505 -36.1667328563332 100.248929392316 100.248929392316 100.248929392316 1007486.48694731
19000 773.110297119611 -326893.280138674 5901.30501179642 111.000612798264 100.249718599183 100.249718599183 100.249718599183 1007510.28136141
20000 772.187714875557 -326912.337910786 5894.26275761753 -633.074987014763 100.271994257519 100.271994257519 100.271994257519 1008182.04211079
21000 770.381835030561 -327000.964013977 5880.47811677174 -565.538376752798 100.26481587026 100.26481587026 100.26481587026 1007965.53291219
22000 772.27468490551 -327032.084355047 5894.92661719301 81.437376483631 100.253429076457 100.253429076457 100.253429076457 1007622.15645956
23000 772.431115658185 -327094.749159565 5896.1206843115 530.359518244462 100.241770875559 100.241770875559 100.241770875559 1007270.67634593
24000 774.315227118726 -327136.565555836 5910.50248267365 518.797390131579 100.231645816403 100.231645816403 100.231645816403 1006965.48485742
25000 771.958713806257 -327169.678615224 5892.51474680588 306.765078018152 100.249650900875 100.249650900875 100.249650900875 1007508.24025757
26000 772.544210230957 -327200.556536293 5896.98395773004 -15.3595533153926 100.239336359913 100.239336359913 100.239336359913 1007197.28907498
27000 775.622187600646 -327224.807545832 5920.47877256516 -32.5826287476149 100.249899853331 100.249899853331 100.249899853331 1007515.74618715
28000 770.970626795989 -327251.977412051 5884.97248168858 497.559683880111 100.240357731827 100.240357731827 100.240357731827 1007228.07739248
29000 773.826680884806 -327344.937090055 5906.77331188202 578.231021059995 100.232175981646 100.232175981646 100.232175981646 1006981.46367091
30000 777.879841809577 -327356.990276177 5937.71189718877 -35.9845898863238 100.248871535549 100.248871535549 100.248871535549 1007484.74259319
31000 772.865373111629 -327424.302635179 5899.43545801968 -636.312259553327 100.25761159877 100.25761159877 100.25761159877 1007748.27417991
32000 775.208559100583 -327418.239171136 5917.32146377035 -4.50262435863212 100.251500153629 100.251500153629 100.251500153629 1007563.99621502
33000 773.301752168318 -327485.34513415 5902.76642634836 11.9356604597349 100.246946840654 100.246946840654 100.246946840654 1007426.71510173
34000 772.439128216941 -327531.229222893 5896.18184576973 -251.036901271867 100.236541411585 100.236541411585 100.236541411585 1007113.0411343
35000 773.897224229278 -327552.131253431 5907.31178329267 -338.233783464604 100.250873533936 100.250873533936 100.250873533936 1007545.10306646
36000 773.556955766802 -327601.921735947 5904.71444628856 253.088948709245 100.235497864047 100.235497864047 100.235497864047 1007081.58675512
37000 772.327542728361 -327616.508502974 5895.33009149165 206.872284182756 100.23188274869 100.23188274869 100.23188274869 1006972.6258117
38000 772.083874353767 -327606.455546499 5893.47012221487 349.226661753641 100.22734041627 100.22734041627 100.22734041627 1006835.72933736
39000 771.882316705053 -327641.481674589 5891.93159250318 -2.64616857799752 100.234186688158 100.234186688158 100.234186688158 1007042.06650981
40000 777.612556576764 -327614.881614525 5935.67165572536 -172.076657053163 100.250758999322 100.250758999322 100.250758999322 1007541.64977014
41000 772.485981168443 -327696.614806183 5896.53948368834 -137.118120572676 100.233685614654 100.233685614654 100.233685614654 1007026.9638909
42000 771.690691191281 -327674.014426868 5890.46887675742 -470.676471691412 100.25035302082 100.25035302082 100.25035302082 1007529.40930638
43000 773.542846627613 -327755.745627392 5904.60674841658 774.917166828937 100.22132691031 100.22132691031 100.22132691031 1006654.51383149
44000 774.216204882212 -327782.481381329 5909.74662620298 317.832490809354 100.229447925927 100.229447925927 100.229447925927 1006899.24376263
45000 774.138190409628 -327830.918751032 5909.15112618213 38.7636968884356 100.23443547762 100.23443547762 100.23443547762 1007049.56521111
46000 770.760925351399 -327846.165652694 5883.37178875958 428.551671977448 100.22947495593 100.22947495593 100.22947495593 1006900.05838839
47000 773.660863826629 -327836.867008186 5905.50759722253 64.3425505221744 100.239378204216 100.239378204216 100.239378204216 1007198.55042069
48000 771.759554446882 -327884.33268997 5890.99452371481 215.869705301763 100.230766144053 100.230766144053 100.230766144053 1006938.97251456
49000 774.825664588436 -327948.359009408 5914.39875363192 414.65006508015 100.230116651977 100.230116651977 100.230116651977 1006919.39784688
50000 772.116959688332 -327901.246735841 5893.72266916891 248.232121200708 100.236063447418 100.236063447418 100.236063447418 1007098.63436276
51000 772.977525296371 -327970.940858255 5900.29153800254 -655.279546565319 100.248551071163 100.248551071163 100.248551071163 1007475.08078027
52000 771.94497785725 -327981.606884759 5892.40989756895 -308.640863126751 100.244438827139 100.244438827139 100.244438827139 1007351.10452153
53000 777.297592826621 -327986.092091209 5933.2674746348 404.018788377 100.22555431611 100.22555431611 100.22555431611 1006781.90338316
54000 773.500065047827 -328019.924316922 5904.28018808988 460.180913484589 100.222915232412 100.222915232412 100.222915232412 1006702.37540955
55000 770.761574139062 -327986.772565776 5883.37674108515 103.531489309 100.240060236225 100.240060236225 100.240060236225 1007219.10959628
56000 771.315770910026 -328049.687532525 5887.60703551298 254.326239708909 100.220521280872 100.220521280872 100.220521280872 1006630.23804063
57000 775.110614165476 -328054.495750168 5916.57383055608 396.707387448417 100.224903166438 100.224903166438 100.224903166438 1006762.28079936
58000 772.583087322247 -328075.277852705 5897.28071431772 509.991201606139 100.213226968815 100.213226968815 100.213226968815 1006410.45848104
59000 775.97901484106 -328073.72673583 5923.20250602213 -22.2834945895989 100.231806846981 100.231806846981 100.231806846981 1006970.33818974
60000 774.171301021091 -328098.398454028 5909.40386607979 -207.270592157002 100.233356736655 100.233356736655 100.233356736655 1007017.05141714
61000 773.305187560534 -328071.355119884 5902.79264938197 -199.451854812662 100.237913769682 100.237913769682 100.237913769682 1007154.40744562
62000 770.377085283744 -328125.413313449 5880.44186100746 252.257614019778 100.221147840878 100.221147840878 100.221147840878 1006649.11795215
63000 773.747206107018 -328126.410817397 5906.16666506045 -645.41278140084 100.247315035202 100.247315035202 100.247315035202 1007437.815601
64000 766.920080284875 -328131.785990063 5854.05385272244 -728.581341288592 100.24276350207 100.24276350207 100.24276350207 1007300.59960454
65000 774.737539602481 -328156.468222686 5913.72607804705 -303.839409584673 100.231607401662 100.231607401662 100.231607401662 1006964.32707029
66000 775.076692695049 -328179.144680459 5916.31490121031 201.086590499904 100.220934300472 100.220934300472 100.220934300472 1006642.68338795
67000 770.17067104148 -328197.876569458 5878.86625994909 510.553761241153 100.206023041059 100.206023041059 100.206023041059 1006193.43362454
68000 778.535760993763 -328252.338264216 5942.71865907436 397.622680375903 100.209581600949 100.209581600949 100.209581600949 1006300.63456845
69000 772.755784689646 -328249.657881298 5898.59894774904 15.2206578915988 100.213559919139 100.213559919139 100.213559919139 1006420.48966591
70000 772.062979656548 -328227.868715934 5893.31062882578 84.9537425577531 100.228348907245 100.228348907245 100.228348907245 1006866.12209122
71000 774.299394930577 -328250.138405081 5910.38163242547 402.058281966487 100.211874053681 100.211874053681 100.211874053681 1006369.69830596
72000 774.046307052233 -328275.607331877 5908.44976219885 569.607493138495 100.20482898418 100.20482898418 100.20482898418 1006157.46459281
73000 770.139704587985 -328313.98226348 5878.62988683662 200.6041750617 100.211234621405 100.211234621405 100.211234621405 1006350.43408703
74000 773.782391581817 -328290.925522468 5906.43524280355 -11.0683098572615 100.216281625515 100.216281625515 100.216281625515 1006502.49220508
75000 775.239134480091 -328307.611515925 5917.55485173712 -18.506036142543 100.221142018916 100.221142018916 100.221142018916 1006648.94251993
76000 772.256997823819 -328293.365795856 5894.79160817267 371.692582254676 100.211673064501 100.211673064501 100.211673064501 1006363.64306501
77000 776.029720176169 -328332.219842511 5923.58954995276 -720.412799427708 100.236931574456 100.236931574456 100.236931574456 1007124.80150549
78000 772.577104476917 -328340.604909968 5897.23504606669 -456.447620633928 100.232501845344 100.232501845344 100.232501845344 1006991.28506112
79000 774.496236117457 -328415.839795632 5911.88416044378 -85.5093900219242 100.218813879383 100.218813879383 100.218813879383 1006578.79071234
80000 771.992765429753 -328433.795570534 5892.77466963597 -63.7343053534005 100.209147677708 100.209147677708 100.209147677708 1006287.56230525
81000 769.893853661401 -328417.738198676 5876.75325770543 -132.933916476251 100.221402921412 100.221402921412 100.221402921412 1006656.80427144
82000 776.423984832577 -328425.308131689 5926.59905066889 667.878685324639 100.198522792659 100.198522792659 100.198522792659 1005967.51499356
83000 769.244563733487 -328468.659488774 5871.79709825446 192.690397278303 100.202919947805 100.202919947805 100.202919947805 1006099.95974125
84000 772.797381447916 -328514.949867152 5898.91646409692 78.628630473918 100.204336867635 100.204336867635 100.204336867635 1006142.64062748
85000 774.806687964612 -328505.510989061 5914.25390127942 141.556644732503 100.200791367837 100.200791367837 100.200791367837 1006035.84428246
86000 770.147960805482 -328546.253667106 5878.6929081906 -35.9666735514262 100.200712157105 100.200712157105 100.200712157105 1006033.45840993
87000 773.469403642555 -328580.386814035 5904.04614347131 198.602254577055 100.199588486692 100.199588486692 100.199588486692 1005999.61322068
88000 774.336058139907 -328558.538692414 5910.66149001083 -336.378023096917 100.213333400273 100.213333400273 100.213333400273 1006413.66505913
89000 771.936405798963 -328566.487714669 5892.34446533927 -99.5682409919482 100.214005039393 100.214005039393 100.214005039393 1006433.90042988
90000 769.828923649175 -328577.000615531 5876.25763397878 344.35415352919 100.199679057812 100.199679057812 100.199679057812 1006002.34121375
91000 776.775471265992 -328639.871913283 5929.2820166814 700.841082660291 100.185467466724 100.185467466724 100.185467466724 1005574.34983584
92000 772.601630240363 -328655.652196519 5897.4222561081 -178.013614372736 100.204210196655 100.204210196655 100.204210196655 1006138.82495692
93000 776.301362677514 -328608.691675331 5925.66305131547 -310.304528351468 100.213440638714 100.213440638714 100.213440638714 1006416.89595699
94000 773.99875033341 -328691.15265748 5908.086752284 46.2416191126875 100.196196766514 100.196196766514 100.196196766514 1005897.458499
95000 776.595127653272 -328698.126784396 5927.90541793533 -312.46192704434 100.208048960571 100.208048960571 100.208048960571 1006254.46313339
96000 768.527239479658 -328745.028963945 5866.32161923164 -171.952126384457 100.201945641346 100.201945641346 100.201945641346 1006070.61208875
97000 774.659227913614 -328683.245382627 5913.12830931507 -36.0525920631871 100.210298227905 100.210298227905 100.210298227905 1006322.22374107
98000 771.966218043941 -328727.608919944 5892.57202814803 -85.2333148581986 100.203088848347 100.203088848347 100.203088848347 1006105.04735094
99000 771.197178753939 -328752.16514206 5886.70179794509 187.312124659239 100.198698843961 100.198698843961 100.198698843961 1005972.8175329
100000 774.377909926134 -328748.986159949 5910.98095303795 -200.069600779474 100.210010532251 100.210010532251 100.210010532251 1006313.55655702
101000 773.033274969403 -328785.590437609 5900.71708637008 531.187410260549 100.178168924158 100.178168924158 100.178168924158 1005354.59663023
102000 771.484444757988 -328754.098679186 5888.89455661837 -164.243145973589 100.207699696099 100.207699696099 100.207699696099 1006243.94159208
103000 775.857946282393 -328772.041585026 5922.2783655797 -314.121733168922 100.215547378251 100.215547378251 100.215547378251 1006480.36956368
104000 772.3084474455 -328792.23021734 5895.18433339106 -93.2373709793984 100.198522326421 100.198522326421 100.198522326421 1005967.50095083
105000 769.649803458973 -328758.775613644 5874.89037386068 181.398510698617 100.195284244833 100.195284244833 100.195284244833 1005869.97557322
106000 773.213810063682 -328829.721277794 5902.09514673306 -26.8599600690921 100.196134176395 100.196134176395 100.196134176395 1005895.57342142
107000 775.44282406999 -328813.487652186 5919.10965498085 138.290397268805 100.193418665435 100.193418665435 100.193418665435 1005813.79043303
108000 773.754359644432 -328824.89884458 5906.22126943753 -30.4278008804018 100.197169850811 100.197169850811 100.197169850811 1005926.76597451
109000 771.963207082601 -328799.300503603 5892.54904487992 178.765284104336 100.195500336848 100.195500336848 100.195500336848 1005876.48369204
110000 770.095176097608 -328855.024723289 5878.28999199315 -481.185272389238 100.202513693524 100.202513693524 100.202513693524 1006087.72265
111000 771.073741213359 -328809.371124681 5885.75957459147 -262.165825543187 100.19714604803 100.19714604803 100.19714604803 1005926.04907258
112000 778.580648677176 -328801.526337031 5943.06129570988 555.940673121256 100.185605531483 100.185605531483 100.185605531483 1005578.50716248
113000 771.468827233484 -328833.222236914 5888.7753449406 735.980024187454 100.172973725365 100.172973725365 100.172973725365 1005198.1929092
114000 775.193189569101 -328868.627405029 5917.20414507275 -74.028307254711 100.193145342268 100.193145342268 100.193145342268 1005805.55901032
115000 772.957693055105 -328853.115080143 5900.14015455154 -39.4320151868851 100.198677961952 100.198677961952 100.198677961952 1005972.18858074
116000 772.386027648712 -328886.751192112 5895.77651854723 150.891219847402 100.187963971337 100.187963971337 100.187963971337 1005649.52491733
117000 777.747954099929 -328912.03193935 5936.70517201018 -142.183841874999 100.203834845168 100.203834845168 100.203834845168 1006127.51841734
118000 770.124322774986 -328880.639624952 5878.51247439175 -169.071798283184 100.199552061246 100.199552061246 100.199552061246 1005998.51609129
119000 778.43267330508 -328892.040882028 5941.93177019686 279.504473905631 100.192865717095 100.192865717095 100.192865717095 1005797.13784236
120000 772.488024024329 -328886.266650598 5896.55507721454 -178.089520205565 100.19835739541 100.19835739541 100.19835739541 1005962.53336371
121000 771.926102757774 -328879.648283031 5892.26582017204 -133.963683396353 100.198888598011 100.198888598011 100.198888598011 1005978.53281004
122000 771.72701154714 -328926.542194901 5890.74611727389 64.2437754675477 100.185147146059 100.185147146059 100.185147146059 1005564.70456823
123000 773.236235274871 -328902.177474209 5902.26632284037 -317.430778007436 100.208438100438 100.208438100438 100.208438100438 1006266.18600156
124000 769.404966959762 -328937.210718362 5873.02148805583 -148.552829090595 100.189852409175 100.189852409175 100.189852409175 1005706.39229946
125000 772.842377191389 -328879.900005779 5899.25992557642 133.597852896943 100.196416831882 100.196416831882 100.196416831882 1005904.0864057
126000 773.199887914612 -328916.212244563 5901.98887619393 369.324096486552 100.184685117677 100.184685117677 100.184685117677 1005550.79240747
127000 774.559882432017 -328940.448626966 5912.36998545025 359.982538156191 100.183463547433 100.183463547433 100.183463547433 1005514.01026015
128000 778.402275627976 -328947.754668083 5941.69973866797 25.8380313234087 100.198403438123 100.198403438123 100.198403438123 1005963.92013092
129000 770.515760473282 -328921.8337328 5881.50039637309 -214.694625614165 100.198391720327 100.198391720327 100.198391720327 1005963.56720076
130000 771.192872866075 -328921.126839448 5886.66893024468 -371.341812186369 100.200500875786 100.200500875786 100.200500875786 1006027.09451421
131000 775.70808939069 -328915.464216211 5921.13447805245 -46.0780662061718 100.202859721146 100.202859721146 100.202859721146 1006098.1456024
132000 772.807050585086 -328948.934351987 5898.99027054841 -379.452402938428 100.196541616475 100.196541616475 100.196541616475 1005907.84466849
133000 772.534445507743 -329006.842067895 5896.90942165122 257.549028737404 100.176589058372 100.176589058372 100.176589058372 1005307.03236653
134000 773.317647445166 -328973.366542431 5902.88775816515 -288.438550126379 100.203076098869 100.203076098869 100.203076098869 1006104.66331148
135000 772.331545214138 -328954.87441247 5895.36064326345 -919.145247125046 100.220308696719 100.220308696719 100.220308696719 1006623.83237101
136000 771.236745160047 -329011.3730273 5887.00381621019 -42.9552493515803 100.197414488736 100.197414488736 100.197414488736 1005934.13409991
137000 771.868512209811 -328948.102437423 5891.82622003918 531.014791153902 100.188629246744 100.188629246744 100.188629246744 1005669.55841174
138000 771.699072598096 -328979.521035694 5890.53285370641 357.808084140788 100.186621731248 100.186621731248 100.186621731248 1005609.10673822
139000 772.970223966356 -328959.731989141 5900.23580549506 -21.9878352732961 100.199513342444 100.199513342444 100.199513342444 1005997.34988721
140000 775.005264092736 -329003.791432379 5915.76967245009 63.0543834775437 100.192251544319 100.192251544319 100.192251544319 1005778.6416322
141000 769.556821661731 -329007.780354996 5874.18062526709 585.998484099769 100.18248002564 100.18248002564 100.18248002564 1005484.39653352
142000 776.135119660676 -329020.775747077 5924.39408522862 -58.6331160079647 100.191894420941 100.191894420941 100.191894420941 1005767.88673508
143000 776.979215306066 -329033.875899313 5930.83723555417 -394.272960360714 100.203039156149 100.203039156149 100.203039156149 1006103.55052442
144000 772.374784936045 -329042.290848473 5895.69070068029 -355.450067657255 100.206288996528 100.206288996528 100.206288996528 1006201.44521952
145000 773.132368010689 -329055.689740538 5901.47348330769 -585.726139231712 100.205661776384 100.205661776384 100.205661776384 1006182.55102022
146000 770.702566400951 -329086.258615435 5882.92632325738 -53.1387812536821 100.193715767551 100.193715767551 100.193715767551 1005822.73803546
147000 776.01804480716 -329044.241462532 5923.50042953371 165.284433431557 100.1923719754 100.1923719754 100.1923719754 1005782.26847417
148000 772.789081969638 -329085.898396694 5898.85311252478 450.543405272537 100.16870699555 100.16870699555 100.16870699555 1005069.75328335
149000 771.067752469601 -329087.214305878 5885.71386131656 -214.408050119184 100.187722279861 100.187722279861 100.187722279861 1005642.24690739
150000 770.594312503238 -329064.494023026 5882.09999967651 -288.533112246933 100.198105451528 100.198105451528 100.198105451528 1005954.94505161
151000 772.427491190568 -329084.949764434 5896.09301802767 -2.27317091213915 100.187221264985 100.187221264985 100.187221264985 1005627.16005261
152000 772.944025550657 -329086.226080967 5900.03582776557 479.08957350322 100.182513939407 100.182513939407 100.182513939407 1005485.41766342
153000 775.530992629361 -329128.113303044 5919.78266317028 -563.249036035779 100.204126169296 100.204126169296 100.204126169296 1006136.29383221
154000 773.053652982287 -329102.853234749 5900.87263580463 -350.117463797128 100.197062013573 100.197062013573 100.197062013573 1005923.51809094
155000 773.208233236786 -329063.059661907 5902.05257770167 -441.594031714642 100.202432341305 100.202432341305 100.202432341305 1006085.27219043
156000 772.980019602992 -329126.851720878 5900.3105775422 23.9898075485553 100.181734211607 100.181734211607 100.181734211607 1005461.94054751
157000 772.447999107738 -329110.344371326 5896.24955904753 5.14488371379748 100.188028271084 100.188028271084 100.188028271084 1005651.46116942
158000 768.376689940112 -329126.3153252 5865.17244458534 -34.458966061965 100.192963652506 100.192963652506 100.192963652506 1005800.08725154
159000 776.338266886054 -329131.208302064 5925.94474849584 -279.239895381494 100.195715985826 100.195715985826 100.195715985826 1005882.97849577
160000 773.804194855464 -329168.699660833 5906.60167153763 34.595444656595 100.188192260516 100.188192260516 100.188192260516 1005656.39937864
161000 775.885686211571 -329144.887661757 5922.49010998886 -605.092069349135 100.21556567386 100.21556567386 100.21556567386 1006480.92080074
162000 771.006944955023 -329202.101373269 5885.24970543625 -355.93149012925 100.19141825176 100.19141825176 100.19141825176 1005753.54685067
163000 775.106909318375 -329180.22266702 5916.54555071963 -45.607108304116 100.194036222656 100.194036222656 100.194036222656 1005832.38900188
164000 774.239912654606 -329207.395474446 5909.92759235563 -170.644334388429 100.186278857628 100.186278857628 100.186278857628 1005598.78213652
165000 770.767292284484 -329223.31873306 5883.42038882902 76.7620110200377 100.171414248802 100.171414248802 100.171414248802 1005151.24735409
166000 772.877368932885 -329176.580163294 5899.52702451461 5.61084610345931 100.195845871454 100.195845871454 100.195845871454 1005886.89033701
167000 773.126761834152 -329217.189898598 5901.43069024463 -47.6895781614463 100.193368712501 100.193368712501 100.193368712501 1005812.28604306
168000 774.512754456357 -329215.270094351 5912.01024821741 152.095539613559 100.187921388373 100.187921388373 100.187921388373 1005648.24262198
169000 772.206150800075 -329235.192205951 5894.40348270444 620.882703567252 100.174056614588 100.174056614588 100.174056614588 1005230.79242232
170000 770.554028047322 -329210.522377889 5881.7925003941 725.011884064757 100.162951452733 100.162951452733 100.162951452733 1004896.51386166
171000 771.640820889001 -329261.295404544 5890.08820679884 329.101680379819 100.174452159207 100.174452159207 100.174452159207 1005242.70015218
172000 771.86558480419 -329247.746230695 5891.80387456852 59.1300795930151 100.181581396889 100.181581396889 100.181581396889 1005457.33943485
173000 771.196580573415 -329250.81979538 5886.69723191391 -224.210505882927 100.188842442008 100.188842442008 100.188842442008 1005675.978435
174000 775.616605135683 -329273.36866344 5920.43616049727 420.621642616696 100.175742446866 100.175742446866 100.175742446866 1005281.54445615
175000 771.637917270387 -329267.313502339 5890.06604289914 48.6980715797019 100.183133690069 100.183133690069 100.183133690069 1005504.07822854
176000 777.769854471138 -329259.051918434 5936.8723419093 -174.885283889777 100.193353908393 100.193353908393 100.193353908393 1005811.84020064
177000 772.103027105981 -329298.459060097 5893.61631899047 -455.268748781423 100.195068408751 100.195068408751 100.195068408751 1005863.47519045
178000 771.27012863146 -329301.689838029 5887.25863890224 -325.95893936919 100.195964299501 100.195964299501 100.195964299501 1005890.45711245
179000 771.330540659798 -329288.202125266 5887.71977595724 57.9341116191798 100.186736641463 100.186736641463 100.186736641463 1005612.56692747
180000 776.372235561821 -329287.451079639 5926.20403816938 -136.399618241019 100.185944625712 100.185944625712 100.185944625712 1005588.71782163
181000 772.4059321833 -329318.111846462 5895.92845382756 20.2259694337689 100.187008306154 100.187008306154 100.187008306154 1005620.74735667
182000 776.355100353352 -329350.531977436 5926.07324170736 172.447729125689 100.177857159198 100.177857159198 100.177857159198 1005345.21035285
183000 770.27665821054 -329281.640351972 5879.6752811383 -195.838529441338 100.191030513022 100.191030513022 100.191030513022 1005741.87015896
184000 770.671695891069 -329350.502839649 5882.69068250165 -632.596091116901 100.199370251109 100.199370251109 100.199370251109 1005993.04000703
185000 772.844536097717 -329349.965172975 5899.27640493879 -8.06333572928542 100.179585327591 100.179585327591 100.179585327591 1005397.24088649
186000 771.836217028574 -329374.722007518 5891.57970448299 652.868333896883 100.16410034812 100.16410034812 100.16410034812 1004931.09353992
187000 772.924042027908 -329360.914209864 5899.88328955286 316.084634936345 100.175108587372 100.175108587372 100.175108587372 1005262.46189574
188000 773.987329953461 -329367.758195848 5907.99957824727 615.208199572397 100.157795451245 100.157795451245 100.157795451245 1004741.33728769
189000 769.12928357182 -329367.019910825 5870.91714180021 283.723001479742 100.175395550014 100.175395550014 100.175395550014 1005271.1009759
190000 774.417583474563 -329384.275614099 5911.28378914174 219.307772829545 100.168528876808 100.168528876808 100.168528876808 1005064.3916855
191000 770.609070353381 -329361.255412786 5882.21264928853 554.618989347439 100.164497154323 100.164497154323 100.164497154323 1004943.03687501
192000 773.748214439032 -329384.291024508 5906.17436185971 710.454947244651 100.156823955151 100.156823955151 100.156823955151 1004712.10063729
193000 775.881908568871 -329406.168071336 5922.46127448909 213.34469866651 100.171717763628 100.171717763628 100.171717763628 1005160.38406939
194000 773.075897050799 -329410.041649018 5901.04242921378 276.4666277391 100.169023557495 100.169023557495 100.169023557495 1005079.28224257
195000 773.41464241885 -329369.962308628 5903.62814013452 178.288523491759 100.182365365862 100.182365365862 100.182365365862 1005480.9441788
196000 773.337086897567 -329418.271746914 5903.03614338044 364.140664580895 100.168317747906 100.168317747906 100.168317747906 1005058.03646505
197000 778.161338183319 -329442.679443244 5939.86061512379 -439.255602221352 100.185320420142 100.185320420142 100.185320420142 1005569.92206629
198000 773.380886386322 -329425.590853917 5903.37047360922 -98.2108483270463 100.182400454781 100.182400454781 100.182400454781 1005482.00068965
199000 771.954280474196 -329393.865647796 5892.48090629851 553.38699275833 100.152613030042 100.152613030042 100.152613030042 1004585.3816768
200000 769.369607666438 -329446.178786245 5872.75158352127 6.21425402801322 100.171277560035 100.171277560035 100.171277560035 1005147.13262641
