Step Temp PotEng KinEng Press Lx Ly Lz Volume
0 769.369607666438 -329446.178786245 5872.75158352127 6.21425402799519 100.171277560035 100.171277560035 100.171277560035 1005147.13262641
1000 771.827402625165 -329436.609109465 5891.51242238468 -289.878344503837 100.179359470649 100.179359470649 100.179359470649 1005390.44083534
2000 773.367019648858 -329488.81126813 5903.26462603792 -197.0590935631 100.174313950459 100.174313950459 100.174313950459 1005238.53941635
3000 768.235960360089 -329464.706266154 5864.09822764761 -65.1810650775403 100.178274051912 100.178274051912 100.178274051912 1005357.76171447
4000 771.809665266259 -329455.522130082 5891.37702958834 -350.881529995639 100.182880288456 100.182880288456 100.182880288456 1005496.44833012
5000 766.258127273971 -329506.548830903 5849.00103343472 -193.178684961961 100.171764359478 100.171764359478 100.171764359478 1005161.78675047
6000 767.387409567247 -329550.181451166 5857.62107029346 158.614854062831 100.15692378246 100.15692378246 100.15692378246 1004715.10486012
7000 766.848435975648 -329546.099949702 5853.50697742834 -54.19207876302 100.166012536071 100.166012536071 100.166012536071 1004988.64870611
8000 762.923160896812 -329533.167722199 5823.54457027671 407.968261023531 100.146756518046 100.146756518046 100.146756518046 1004409.15994483
9000 757.271819732647 -329514.143621588 5780.40675661712 -6.47119944021999 100.163873567119 100.163873567119 100.163873567119 1004924.26777812
10000 763.7896711556 -329533.685305976 5830.15881581452 -545.542404714075 100.167939844328 100.167939844328 100.167939844328 1005046.66120377
11000 758.770404053078 -329553.555822034 5791.84574946678 -753.296407716389 100.176760061827 100.176760061827 100.176760061827 1005312.18061335
12000 762.014093190035 -329595.920530771 5816.60547525488 -368.39149823972 100.1629281616 100.1629281616 100.1629281616 1004895.81284876
13000 761.711076106137 -329577.332798308 5814.29248544925 295.478557412982 100.151717608611 100.151717608611 100.151717608611 1004558.43722042
14000 757.936751737582 -329606.926744653 5785.48231516012 214.488716922153 100.150214450235 100.150214450235 100.150214450235 1004513.20621087
15000 756.978892179893 -329636.536782305 5778.17078221398 389.395375092788 100.137992849933 100.137992849933 100.137992849933 1004145.50073364
16000 758.83755938579 -329600.375792114 5792.35835950831 -91.4616609103403 100.155624410245 100.155624410245 100.155624410245 1004676.00176353
17000 755.729108956725 -329638.608244045 5768.6309377364 -243.398695673644 100.150595755098 100.150595755098 100.150595755098 1004524.67979275
18000 758.908905034778 -329645.05276544 5792.90295506926 -373.589487135716 100.147823877094 100.147823877094 100.147823877094 1004441.27511265
19000 754.519554038573 -329698.331177113 5759.39816393021 482.685540061808 100.123110581019 100.123110581019 100.123110581019 1003697.86616102
20000 753.077670004069 -329633.542492086 5748.39197566581 336.845465697134 100.140271832536 100.140271832536 100.140271832536 1004214.06059219
21000 751.415960660971 -329698.926068018 5735.70781700034 161.149159634839 100.143840256565 100.143840256565 100.143840256565 1004321.41767882
22000 750.906954793442 -329691.238200332 5731.8224737469 26.9055848012758 100.13921332793 100.13921332793 100.13921332793 1004182.21664111
23000 746.435239871892 -329711.887963027 5697.68898234705 447.125171616371 100.126447627454 100.126447627454 100.126447627454 1003798.22754614
24000 748.555141159889 -329725.764491994 5713.87061146514 211.751873588397 100.133334998809 100.133334998809 100.133334998809 1004005.38580129
25000 754.609497800986 -329729.471760018 5760.08472259834 860.404318610461 100.109409954067 100.109409954067 100.109409954067 1003285.89109313
26000 749.619216609074 -329758.582427329 5721.99291148443 53.4580657108556 100.124541866341 100.124541866341 100.124541866341 1003740.91112489
27000 748.699476950458 -329721.213288628 5714.97235532684 -198.657367865502 100.143641367632 100.143641367632 100.143641367632 1004315.43384544
28000 744.109447081379 -329775.367684355 5679.93574234728 18.8377569155393 100.116650493494 100.116650493494 100.116650493494 1003503.59859342
29000 747.690100714251 -329742.000335943 5707.2675853041 374.021256133638 100.12554694917 100.12554694917 100.12554694917 1003771.1390649
30000 742.506473476485 -329767.301013316 5667.69992528006 102.111766942761 100.125162608345 100.125162608345 100.125162608345 1003759.57991467
31000 743.082910229949 -329742.233060692 5672.0999819277 405.293628212244 100.118282600568 100.118282600568 100.118282600568 1003552.67690398
32000 742.658604253034 -329797.449117637 5668.86116982362 629.083697023274 100.105293531567 100.105293531567 100.105293531567 1003162.13313271
33000 739.295216146104 -329792.761583355 5643.18775793661 -76.6795595309528 100.125972078064 100.125972078064 100.125972078064 1003783.92503031
34000 738.644368641613 -329832.513310899 5638.21970919313 358.542732841163 100.113053254466 100.113053254466 100.113053254466 1003395.43339041
35000 739.829741490711 -329805.490006298 5647.26789644571 683.91623720437 100.104158839067 100.104158839067 100.104158839067 1003128.02102117
36000 735.434010338481 -329816.764013892 5613.71440430389 82.4147786215196 100.117905634004 100.117905634004 100.117905634004 1003541.34118078
37000 738.066494473723 -329829.468547559 5633.80868047465 -480.940541766918 100.131938145138 100.131938145138 100.131938145138 1003963.36895311
38000 738.524077641231 -329912.237493086 5637.30150400809 -745.660211193148 100.12668389455 100.12668389455 100.12668389455 1003805.33351236
39000 734.877460215821 -329850.006411572 5609.46614627343 -549.578213887666 100.135982511643 100.135982511643 100.135982511643 1004085.02523681
40000 729.89636764748 -329856.177831895 5571.44447375491 -89.5010065038312 100.115170778384 100.115170778384 100.115170778384 1003459.10417165
41000 733.17088401826 -329894.253890416 5596.43950996397 -260.375673274931 100.115409131497 100.115409131497 100.115409131497 1003466.27126236
42000 726.295807434892 -329913.819815502 5543.96067990689 339.11399552794 100.096782959871 100.096782959871 100.096782959871 1002906.29978509
43000 730.712063996328 -329893.681457703 5577.67084658877 243.239405630459 100.101726289829 100.101726289829 100.101726289829 1003054.89421897
44000 725.930666365382 -329908.082101069 5541.17348533512 145.670865100936 100.102267182896 100.102267182896 100.102267182896 1003071.15412946
45000 726.995582545478 -329943.92346092 5549.30220282104 -281.373881826418 100.106793138574 100.106793138574 100.106793138574 1003207.21680752
46000 731.998926640941 -329933.896353652 5587.49372568176 -73.0416152816068 100.10787665247 100.10787665247 100.10787665247 1003239.79204113
47000 728.251155647073 -329974.306983675 5558.88624259483 -110.558015554406 100.103272980144 100.103272980144 100.103272980144 1003101.39009829
48000 725.775850153916 -329979.611262206 5539.99174233152 172.05355611414 100.091022745415 100.091022745415 100.091022745415 1002733.16865863
49000 728.495351171558 -329969.52734674 5560.75023571181 267.762530352395 100.093591383471 100.093591383471 100.093591383471 1002810.37012806
50000 723.511563156709 -329991.757335725 5522.70798831279 -139.299215668846 100.102608718672 100.102608718672 100.102608718672 1003081.42120522
51000 724.093231034637 -329958.611322742 5527.14797517625 -277.454682122608 100.099857620263 100.099857620263 100.099857620263 1002998.72106693
52000 722.323130747317 -330016.074030747 5513.63644682659 -242.248531920452 100.09600427674 100.09600427674 100.09600427674 1002882.8942334
53000 718.416569830591 -330020.699908519 5483.81688860488 -619.21750091069 100.097391270548 100.097391270548 100.097391270548 1002924.58455809
54000 719.556129686013 -330018.466986339 5492.51537614424 369.681045076399 100.089061192091 100.089061192091 100.089061192091 1002674.21603795
55000 716.464015193726 -330047.554387252 5468.9126498342 309.887223270102 100.0843161903 100.0843161903 100.0843161903 1002531.61907439
56000 715.7524004099 -330035.560216654 5463.48075233406 -221.861079292246 100.101700016186 100.101700016186 100.101700016186 1003054.10440545
57000 715.275359215782 -330056.324046116 5459.83940180469 -522.93989156594 100.094532243383 100.094532243383 100.094532243383 1002838.64904979
58000 709.584542473727 -330095.322702231 5416.40026318989 -466.157265308536 100.086221944858 100.086221944858 100.086221944858 1002588.88925385
59000 712.78393919978 -330075.04927675 5440.82189617619 75.4311250651496 100.073905610629 100.073905610629 100.073905610629 1002218.80733432
60000 715.497120804159 -330074.186096243 5461.53215221532 -154.079979861118 100.078009972432 100.078009972432 100.078009972432 1002342.12531443
61000 711.871093540271 -330115.001823116 5433.85396328805 -200.776267794224 100.08334192181 100.08334192181 100.08334192181 1002502.34199595
62000 709.213763858056 -330126.134840817 5413.57003610447 2.41932997277348 100.081364823975 100.081364823975 100.081364823975 1002442.93132829
63000 713.110833700748 -330098.845812927 5443.3171470661 -376.647287773975 100.091023502639 100.091023502639 100.091023502639 1002733.19141673
64000 707.631557733756 -330136.554979868 5401.49274135647 -95.7992417955609 100.078822276408 100.078822276408 100.078822276408 1002366.53266734
65000 705.245318351862 -330174.124032457 5383.27810047511 -130.669593806915 100.074081958219 100.074081958219 100.074081958219 1002224.10559409
66000 708.473879224696 -330157.710842005 5407.92234920744 -206.268698753772 100.075993566989 100.075993566989 100.075993566989 1002281.5399552
67000 705.970422496734 -330213.049570657 5388.81296495712 -503.8327428758 100.076035497533 100.076035497533 100.076035497533 1002282.79978465
68000 707.208447128385 -330191.411924725 5398.26305376167 -304.812106096891 100.071362444262 100.071362444262 100.071362444262 1002142.4014708
69000 703.955889125108 -330218.678840627 5373.43563014901 -46.0534763730436 100.064790441892 100.064790441892 100.064790441892 1001944.97286914
70000 704.574466164804 -330197.120906769 5378.15735200182 186.697518589417 100.065127810638 100.065127810638 100.065127810638 1001955.1070849
71000 698.342172859236 -330231.555922236 5330.58501483834 -32.1421453211523 100.065034091657 100.065034091657 100.065034091657 1001952.2918547
72000 703.275054061852 -330220.945959157 5368.23868039169 123.006015176206 100.05722387152 100.05722387152 100.05722387152 1001717.69870442
73000 701.661863049081 -330261.419776248 5355.92487181338 302.088504602609 100.050214415036 100.050214415036 100.050214415036 1001507.18902395
74000 702.964881087959 -330262.802894949 5365.87106825125 -184.465765055431 100.06127883408 100.06127883408 100.06127883408 1001839.49178117
75000 697.833024698345 -330242.678867957 5326.69858543129 -81.5507376221147 100.062420511971 100.062420511971 100.062420511971 1001873.78449843
76000 697.993724530824 -330280.56126024 5327.92523928694 91.6178345723916 100.057023648306 100.057023648306 100.057023648306 1001711.68514356
77000 693.668272165001 -330273.353738781 5294.90819913133 116.121937420011 100.049963934584 100.049963934584 100.049963934584 1001499.66708067
78000 692.871889706918 -330265.351541267 5288.82925307576 214.787939978033 100.051946237971 100.051946237971 100.051946237971 1001559.19680279
79000 694.565154424867 -330313.317778934 5301.7542802078 -455.817346754319 100.067415425129 100.067415425129 100.067415425129 1002023.82651213
80000 691.009009583985 -330335.438517279 5274.60951774589 -90.6457956062144 100.048757590249 100.048757590249 100.048757590249 1001463.44101416
81000 695.792692817931 -330313.033930467 5311.12432546286 178.645221972439 100.053724375917 100.053724375917 100.053724375917 1001612.59732516
82000 689.371291742522 -330357.273851232 5262.10849099493 -205.058388594397 100.046926202654 100.046926202654 100.046926202654 1001408.44680349
83000 687.930178392478 -330354.915964277 5251.10818551864 -295.05552292027 100.04761299342 100.04761299342 100.04761299342 1001429.07000968
84000 686.795582448015 -330324.540250084 5242.44758850115 -786.577628910026 100.067380624738 100.067380624738 100.067380624738 1002022.78109263
85000 684.809398534861 -330383.76620976 5227.28665076081 -330.254098400069 100.042637034832 100.042637034832 100.042637034832 1001279.6564975
86000 686.135124476287 -330389.178566076 5237.40618114549 133.876219811438 100.03618695467 100.03618695467 100.03618695467 1001086.0015362
87000 688.3015307553 -330406.676385982 5253.94279213044 701.640232824339 100.019540749076 100.019540749076 100.019540749076 1000586.33703201
88000 689.923901431266 -330406.33438953 5266.32667090781 256.395723982326 100.040086571948 100.040086571948 100.040086571948 1001203.07930284
89000 682.914861685391 -330424.787776181 5212.82527332674 115.577297258837 100.027344817314 100.027344817314 100.027344817314 1000820.56886158
90000 684.985872863572 -330433.438078736 5228.63371449073 -184.596116533018 100.039793257302 100.039793257302 100.039793257302 1001194.27283308
91000 678.438484528905 -330441.652491717 5178.65619415825 -48.3443051181254 100.034613419571 100.034613419571 100.034613419571 1001038.76205524
92000 683.195754809978 -330468.982006737 5214.9693865407 -201.211602445398 100.032469647215 100.032469647215 100.032469647215 1000974.40573408
93000 677.802688867311 -330411.322400671 5173.80303913208 138.068405677317 100.03125107525 100.03125107525 100.03125107525 1000937.82527694
94000 679.730134812343 -330458.026470703 5188.51561825276 652.110767663176 100.005430723945 100.005430723945 100.005430723945 1000162.93056634
95000 674.556644949633 -330492.849891836 5149.02533883334 462.115254236121 100.005369179951 100.005369179951 100.005369179951 1000161.08404712
96000 680.750769563798 -330493.72470559 5196.30632676669 -38.0619319643101 100.020798284687 100.020798284687 100.020798284687 1000624.07832019
97000 676.794020028545 -330510.446031356 5166.10366881503 -125.348245426136 100.02536961156 100.02536961156 100.02536961156 1000761.28144829
98000 675.311296051082 -330511.170273525 5154.78574112488 -290.587034703848 100.032758614428 100.032758614428 100.032758614428 1000983.08040603
99000 674.618085188928 -330496.284005744 5149.49432442754 507.206868843612 100.014270713125 100.014270713125 100.014270713125 1000428.18249262
100000 674.908119940175 -330534.070752851 5151.70821750011 554.97187092832 100.005902768978 100.005902768978 100.005902768978 1000177.09352235
101000 674.326411717562 -330505.756500309 5147.26792267763 246.283231332311 100.016981056422 100.016981056422 100.016981056422 1000509.51820443
102000 670.59915252547 -330550.240451309 5118.81701026253 -616.941180021014 100.025221397409 100.025221397409 100.025221397409 1000756.83277397
103000 669.605967954956 -330543.67745299 5111.23583445173 -149.304270452494 100.011224921221 100.011224921221 100.011224921221 1000336.7854377
104000 667.535239137866 -330585.924242461 5095.42954860623 55.5844961004272 99.9991510324191 99.9991510324191 99.9991510324191 999974.531188796
105000 665.523112939739 -330550.51280546 5080.07058823329 -494.126766501166 100.01669255233 100.01669255233 100.01669255233 1000500.86016694
106000 668.501421968014 -330597.560289464 5102.80461475023 -291.479412853513 100.016969328352 100.016969328352 100.016969328352 1000509.16624287
107000 664.555061493499 -330594.837255916 5072.68125857016 79.7663879395168 100.003790231523 100.003790231523 100.003790231523 1000113.7112555
108000 660.68914836767 -330638.764907879 5043.17197303922 -236.562696020328 100.016255005218 100.016255005218 100.016255005218 1000487.72942839
109000 666.168301715357 -330604.170383488 5084.99544277125 17.4178127295051 100.015753193392 100.015753193392 100.015753193392 1000472.67025461
110000 662.752769728 -330636.417090688 5058.92400625043 242.372323463254 99.9996676781971 99.9996676781971 99.9996676781971 999990.030379045
111000 663.087050154867 -330590.222595773 5061.47563538506 430.944006699982 99.9980884847031 99.9980884847031 99.9980884847031 999942.655637255
112000 657.881581510306 -330636.810071619 5021.74125554904 173.035258916622 99.9940401138692 99.9940401138692 99.9940401138692 999821.214071937
113000 653.06761394119 -330623.452167799 4984.99528146475 -107.605180348416 99.9959816443642 99.9959816443642 99.9959816443642 999879.454175017
114000 663.782932833355 -330647.100037068 5066.78744658909 -446.893830475502 100.013759210932 100.013759210932 100.013759210932 1000412.83312532
115000 659.52777239493 -330694.100198199 5034.30695872748 129.302429051089 99.9975112468924 99.9975112468924 99.9975112468924 999925.339264923
116000 659.459536245679 -330647.439240831 5033.78609859788 -93.5242900473928 100.011682170457 100.011682170457 100.011682170457 1000350.50605723
117000 653.719910470299 -330661.758925641 4989.97439090199 -423.626716984657 100.014549296356 100.014549296356 100.014549296356 1000436.54239836
118000 656.904717671587 -330708.784944779 5014.28465913744 -675.947442562966 100.016718363914 100.016718363914 100.016718363914 1000501.6347732
119000 653.497028392887 -330702.884101768 4988.27308757518 -291.513163660161 100.002820754083 100.002820754083 100.002820754083 1000084.62500951
120000 659.728397984622 -330727.417048494 5035.83837384685 58.3868673732441 99.9921449326169 99.9921449326169 99.9921449326169 999764.366488646
121000 648.564975730452 -330702.469142681 4950.6257464342 121.508180422756 99.9877346021018 99.9877346021018 99.9877346021018 999632.083193203
122000 653.356402021792 -330695.335136214 4987.19965845178 74.8894812696458 99.9912005269984 99.9912005269984 99.9912005269984 999736.039038488
123000 646.561450186984 -330732.154735317 4935.33243657274 41.6740378056101 99.9838041420638 99.9838041420638 99.9838041420638 999514.202949409
124000 653.185462888922 -330749.057743582 4985.89484597512 -149.374596751856 99.9888927565789 99.9888927565789 99.9888927565789 999666.819707254
125000 649.572563528696 -330752.775938664 4958.31686495345 -63.5352275141074 99.9864233754314 99.9864233754314 99.9864233754314 999592.756557859
126000 645.789619956382 -330768.518762854 4929.44090256385 42.0657100992568 99.9751441883165 99.9751441883165 99.9751441883165 999254.51097755
127000 645.771898109575 -330764.526655939 4929.30562817446 598.871843306317 99.9636375255108 99.9636375255108 99.9636375255108 998909.522386109
128000 646.638228055716 -330796.481885866 4935.91849734988 452.692060611811 99.9662497127928 99.9662497127928 99.9662497127928 998987.833069905
129000 646.1935660895 -330800.134271608 4932.52430392165 -233.877761268006 99.9765465390362 99.9765465390362 99.9765465390362 999296.561177634
130000 644.010421588067 -330797.520664833 4915.85992674833 -400.738559149442 99.9810402857641 99.9810402857641 99.9810402857641 999431.316407337
131000 635.927996720028 -330811.695715286 4854.1651665583 -582.208235598923 99.9923493132511 99.9923493132511 99.9923493132511 999770.496956986
132000 641.538254332077 -330802.382249362 4896.98938127489 76.5519181611631 99.9730687331117 99.9730687331117 99.9730687331117 999192.279561758
133000 637.693990050404 -330833.026017454 4867.64534568692 456.297828838992 99.9683086020229 99.9683086020229 99.9683086020229 999049.55933227
134000 640.742989078937 -330845.182812519 4890.91896306737 -35.5875579092111 99.9744199171663 99.9744199171663 99.9744199171663 999232.793800443
135000 635.191603047872 -330862.797652939 4848.54412686405 3.57596283189574 99.9649737819252 99.9649737819252 99.9649737819252 998949.581465572
136000 634.602886023258 -330859.274187713 4844.05033245874 -235.968577302913 99.9733148802147 99.9733148802147 99.9733148802147 999199.660016123
137000 635.728863442254 -330842.531907535 4852.6451425533 -234.186895411704 99.9762173130554 99.9762173130554 99.9762173130554 999286.689063069
138000 636.467523898329 -330879.644871222 4858.28348506108 68.9906681924683 99.9639408770168 99.9639408770168 99.9639408770168 998918.616341724
139000 632.722983665954 -330898.080729153 4829.70066302065 300.053963662902 99.9535117573542 99.9535117573542 99.9535117573542 998606.000967169
140000 632.712145687824 -330871.421266186 4829.61793457311 357.108470310476 99.9668153816637 99.9668153816637 99.9668153816637 999004.791779035
141000 631.86765913545 -330871.872977485 4823.17180037662 -391.476860390957 99.9879458154557 99.9879458154557 99.9879458154557 999638.418052929
142000 632.60023347144 -330946.595347815 4828.76368631658 -280.474689817804 99.9644656369278 99.9644656369278 99.9644656369278 998934.347870253
143000 625.891686775965 -330916.920888839 4777.5560120903 -188.706201619264 99.9637131163017 99.9637131163017 99.9637131163017 998911.788462649
144000 630.933319181597 -330941.824046026 4816.03979725503 388.142510071195 99.9454310946111 99.9454310946111 99.9454310946111 998363.82600547
145000 626.947875904349 -330947.801542736 4785.61811425083 584.115380444937 99.9372023064403 99.9372023064403 99.9372023064403 998117.252010657
146000 628.301012550927 -330959.338606214 4795.94687601206 41.778586811571 99.9500030563875 99.9500030563875 99.9500030563875 998500.841474958
147000 623.91371804449 -330964.617647747 4762.45778246935 -83.3574131843731 99.9532416077794 99.9532416077794 99.9532416077794 998597.904035326
148000 624.723675617104 -330961.509953812 4768.64035008024 -0.274240938836977 99.9486669324461 99.9486669324461 99.9486669324461 998460.798363264
149000 624.327465570972 -330963.335142863 4765.61599981653 -125.30306417038 99.9476841033132 99.9476841033132 99.9476841033132 998431.344042125
150000 623.176487750122 -330982.224186439 4756.83035667098 -194.069614146518 99.9528311571642 99.9528311571642 99.9528311571642 998585.602079901
151000 619.762028814715 -330993.717264889 4730.76711096961 -318.09281855273 99.9544361456962 99.9544361456962 99.9544361456962 998633.707095738
152000 621.302024289882 -330990.286776967 4742.52220341838 -417.144685474469 99.9499657084388 99.9499657084388 99.9499657084388 998499.722157006
153000 618.024363639003 -330993.04344044 4717.50316629255 -172.846205671231 99.9469702513121 99.9469702513121 99.9469702513121 998409.951036509
154000 617.493400241167 -331041.398521463 4713.45021683321 47.1331875605465 99.9397307952036 99.9397307952036 99.9397307952036 998193.013350301
155000 617.316112116841 -331024.903793111 4712.09694123913 196.885341333565 99.9364468337122 99.9364468337122 99.9364468337122 998094.616456158
156000 617.395982830059 -331042.309327187 4712.70661031476 269.086161900194 99.9247581591362 99.9247581591362 99.9247581591362 997744.442748502
157000 616.572800365281 -331046.227713955 4706.42309446571 150.60292417893 99.9323624598711 99.9323624598711 99.9323624598711 997972.245937751
158000 612.091090755811 -331075.043133117 4672.2133116206 -22.5575701929574 99.9322531631926 99.9322531631926 99.9322531631926 997968.971475014
159000 618.563184930354 -331089.240058738 4721.61609661952 139.743886993949 99.9246500970062 99.9246500970062 99.9246500970062 997741.205764742
160000 617.572202402114 -331087.155421013 4714.05172943635 68.0995845363 99.929835571868 99.929835571868 99.929835571868 997896.543724709
161000 608.807855561041 -331054.898258814 4647.15172289 -374.273689675305 99.9391432285157 99.9391432285157 99.9391432285157 998175.407694075
162000 608.722768366478 -331093.035000232 4646.5022353724 3.565972008039 99.9293872067975 99.9293872067975 99.9293872067975 997883.111701807
163000 609.350012788756 -331069.502229382 4651.29011708423 363.687701991718 99.928966257283 99.928966257283 99.928966257283 997870.50109785
164000 609.799633019334 -331129.270616165 4654.72215793274 272.417939700436 99.9072852860101 99.9072852860101 99.9072852860101 997221.136588783
165000 609.274860012837 -331142.582632066 4650.71646096448 863.142667541682 99.8940946511538 99.8940946511538 99.8940946511538 996826.203129659
166000 606.132762938027 -331151.051024415 4626.73220763839 537.034136217798 99.9002691423326 99.9002691423326 99.9002691423326 997011.057151223
167000 608.093734522702 -331117.613801768 4641.70069464955 117.217683506934 99.9188964342564 99.9188964342564 99.9188964342564 997568.865830723
168000 604.358729515668 -331148.651056295 4613.19065688494 -243.80347108962 99.9242799673356 99.9242799673356 99.9242799673356 997730.11864293
169000 600.226054951699 -331167.912315431 4581.64512811972 -77.9664883186547 99.9145358506711 99.9145358506711 99.9145358506711 997438.266132138
170000 601.755679111887 -331167.706532357 4593.32105425382 -279.134810660802 99.9182654898032 99.9182654898032 99.9182654898032 997549.968307114
171000 601.571451409156 -331136.143827048 4591.91480747443 100.044795048324 99.9207258292513 99.9207258292513 99.9207258292513 997623.659697592
172000 600.282347877044 -331157.948631919 4582.07482324046 628.049611410211 99.9002564039044 99.9002564039044 99.9002564039044 997010.675760294
173000 598.633772377475 -331206.521306367 4569.49091782078 248.777068266322 99.904708193566 99.904708193566 99.904708193566 997143.969100191
174000 598.689139108136 -331215.794370975 4569.91354311287 50.573502559182 99.9110747692116 99.9110747692116 99.9110747692116 997334.614682155
175000 596.68907868212 -331173.144009807 4554.64668318367 -140.927525234096 99.9210913177944 99.9210913177944 99.9210913177944 997634.60701654
176000 595.042245479966 -331225.063834111 4542.07607706748 -400.921262711723 99.9175427067491 99.9175427067491 99.9175427067491 997528.320403391
177000 596.295925552901 -331219.320417206 4551.64566697615 -363.766106720896 99.9244449488994 99.9244449488994 99.9244449488994 997735.060605396
178000 594.224048916577 -331220.17372225 4535.83061959763 107.637471505631 99.9013594844133 99.9013594844133 99.9013594844133 997043.702558027
179000 593.006923947575 -331240.284700421 4526.54006208429 -52.4023570191396 99.9095217416926 99.9095217416926 99.9095217416926 997288.107404663
180000 590.937468189155 -331250.256583951 4510.74349374939 788.158972932709 99.889944741968 99.889944741968 99.889944741968 996701.97457398
181000 598.89845799881 -331227.362142688 4571.51131593158 776.860156647506 99.884436521083 99.884436521083 99.884436521083 996537.100564446
182000 589.771475969032 -331266.740350943 4501.84324270118 44.8459441378835 99.9021445657942 99.9021445657942 99.9021445657942 997067.208742594
183000 585.511011156487 -331222.381911886 4469.32226549453 -17.6727953960442 99.9069840352455 99.9069840352455 99.9069840352455 997212.115843503
184000 591.12266826733 -331271.155559164 4512.15716286439 -140.950512775781 99.9069021474158 99.9069021474158 99.9069021474158 997209.663778621
185000 590.277854617134 -331321.768753992 4505.70853186502 -561.370601530294 99.9133435036045 99.9133435036045 99.9133435036045 997402.557261913
186000 586.695638155131 -331282.335411375 4478.3647595219 -344.156959093781 99.9031723849819 99.9031723849819 99.9031723849819 997097.983317749
187000 583.342415492356 -331340.218099584 4452.76894249653 570.543560001658 99.8817358759041 99.8817358759041 99.8817358759041 996456.270543947
188000 585.984024349615 -331329.609945697 4472.93286948939 211.81656430692 99.8865670997585 99.8865670997585 99.8865670997585 996600.871640069
189000 584.735163837363 -331332.132757759 4463.40006824816 267.732056319063 99.8894797534449 99.8894797534449 99.8894797534449 996688.055670843
190000 581.853654299196 -331330.032645936 4441.40493153549 670.498975211743 99.8770154206703 99.8770154206703 99.8770154206703 996314.998321967
191000 580.734563542997 -331344.174925155 4432.86268871086 289.413943408851 99.8852853784794 99.8852853784794 99.8852853784794 996562.50767812
192000 578.948754934684 -331336.963226222 4419.23125561573 -100.467644332079 99.8958374098117 99.8958374098117 99.8958374098117 996878.376117761
193000 577.919080415951 -331352.591244249 4411.37154475616 -396.852726007589 99.8983489836433 99.8983489836433 99.8983489836433 996953.568337685
194000 578.514732881732 -331359.751309364 4415.91827876643 -247.593750578236 99.8902320596776 99.8902320596776 99.8902320596776 996710.575167951
195000 578.810983460329 -331392.962421221 4418.17961848824 -60.1500009467953 99.8830139215939 99.8830139215939 99.8830139215939 996494.521769539
196000 576.459846984401 -331400.055008123 4400.23292508562 96.3766663243204 99.8790083751885 99.8790083751885 99.8790083751885 996374.641176443
197000 577.375341761389 -331401.880864564 4407.22107921557 230.136435518564 99.8741406986735 99.8741406986735 99.8741406986735 996228.971135642
198000 574.146404310232 -331405.116498547 4382.57395598582 687.421398269057 99.8637647861682 99.8637647861682 99.8637647861682 995918.509066562
199000 573.697466045058 -331438.190278678 4379.14712071519 21.1658561968225 99.8769333366768 99.8769333366768 99.8769333366768 996312.541857496
200000 577.082949637753 -331438.859757262 4404.98919184962 -146.219220091868 99.8739935196412 99.8739935196412 99.8739935196412 996224.56687848
201000 570.786252438223 -331431.544761055 4356.92524692508 199.781767848492 99.8746850941656 99.8746850941656 99.8746850941656 996245.262004731
202000 573.384929614931 -331434.980684905 4376.76146784218 -14.4282256070474 99.8809328631552 99.8809328631552 99.8809328631552 996432.237301567
203000 572.253513541727 -331460.740334109 4368.12514341589 -68.4136751984454 99.8766162892888 99.8766162892888 99.8766162892888 996303.053862348
204000 566.834149838552 -331452.779101008 4326.75805995904 -517.970082273934 99.886599523124 99.886599523124 99.886599523124 996601.842135874
205000 568.713355725616 -331520.323063265 4341.10241310095 -417.293404966369 99.8754974366245 99.8754974366245 99.8754974366245 996269.571435321
206000 567.269922387411 -331482.581081441 4330.08439869256 -209.367811916754 99.8713141216042 99.8713141216042 99.8713141216042 996144.38953367
207000 566.091229583063 -331511.126540018 4321.08720155318 18.1760655482166 99.8611818156776 99.8611818156776 99.8611818156776 995841.232941723
208000 566.224273394372 -331507.105474745 4322.10275148621 220.388712246034 99.8593706923473 99.8593706923473 99.8593706923473 995787.0509699
209000 565.306227639511 -331520.170513393 4315.09512523365 172.309596400137 99.8622379949895 99.8622379949895 99.8622379949895 995872.830746194
210000 561.499439640638 -331521.530496798 4286.03715358292 194.105809870676 99.8605840661481 99.8605840661481 99.8605840661481 995823.350315426
211000 564.7143097891 -331506.519826825 4310.57689828697 -315.616851380184 99.8709268368515 99.8709268368515 99.8709268368515 996132.800919634
212000 560.558217283932 -331522.64092125 4278.85261570838 -801.162626779101 99.8844361544209 99.8844361544209 99.8844361544209 996537.089589992
213000 559.445480187392 -331544.979603481 4270.3588716345 70.3419621239046 99.8585872025851 99.8585872025851 99.8585872025851 995763.61252342
214000 558.117668707741 -331557.767815066 4260.22342192081 -8.33239527081762 99.8569505781496 99.8569505781496 99.8569505781496 995714.653358377
215000 558.784401912133 -331570.299861735 4265.31272937832 -345.031680947394 99.8593942700969 99.8593942700969 99.8593942700969 995787.756314521
216000 558.174466531917 -331570.653379832 4260.65697103498 -105.197385860939 99.8609284583244 99.8609284583244 99.8609284583244 995833.653328076
217000 558.217792810748 -331603.635539599 4260.98768915807 91.7016511143857 99.8452915422755 99.8452915422755 99.8452915422755 995365.922977431
218000 554.733577189793 -331617.24751376 4234.39197677043 560.779200417285 99.8315312312504 99.8315312312504 99.8315312312504 994954.446673891
219000 554.742241598644 -331597.827728459 4234.45811393037 -85.1270054911719 99.8553547768385 99.8553547768385 99.8553547768385 995666.916951027
220000 550.830976422113 -331633.223169817 4204.60264715581 -352.800997446435 99.8517629882483 99.8517629882483 99.8517629882483 995559.478653553
221000 552.520472530541 -331629.340420238 4217.49890774013 -49.416386189035 99.8426671326201 99.8426671326201 99.8426671326201 995287.43617339
222000 557.237514844492 -331636.054632153 4253.5050320304 607.11505757829 99.8292112162742 99.8292112162742 99.8292112162742 994885.082149114
223000 550.266721025491 -331663.198603587 4200.29557323321 663.265664506782 99.8264414812164 99.8264414812164 99.8264414812164 994802.275976299
224000 550.264823066473 -331675.745594801 4200.28108573368 310.510011136387 99.8266022199429 99.8266022199429 99.8266022199429 994807.081421812
225000 544.638804310136 -331660.932719424 4157.33656306087 -410.17059146319 99.8444228582344 99.8444228582344 99.8444228582344 995339.943255518
226000 548.501732391743 -331661.07790312 4186.82306315423 -147.44646397534 99.8431260930906 99.8431260930906 99.8431260930906 995301.161758944
227000 543.876964538883 -331655.850283768 4151.52128821972 32.3660920657646 99.8382176542305 99.8382176542305 99.8382176542305 995154.377450723
228000 546.384484538283 -331703.051309012 4170.6616882309 54.7561273991155 99.8324121637899 99.8324121637899 99.8324121637899 994980.785911731
229000 547.169230603875 -331653.047672115 4176.65181138295 -0.225973908245777 99.8376371449663 99.8376371449663 99.8376371449663 995137.018577838
230000 543.580525887575 -331710.933293625 4149.25851290141 -733.606594962448 99.8454902338748 99.8454902338748 99.8454902338748 995371.86530794
231000 540.393603225128 -331686.64112682 4124.93209692922 -522.284077065952 99.8457270241333 99.8457270241333 99.8457270241333 995378.947097603
232000 539.803320765066 -331722.760430931 4120.42635324308 -122.123808743848 99.8320680927034 99.8320680927034 99.8320680927034 994970.49838288
233000 536.562369534178 -331724.305488378 4095.68752643779 139.688158786018 99.8247641273282 99.8247641273282 99.8247641273282 994752.130722091
234000 538.664624944609 -331726.282690382 4111.73446105485 -122.305528009477 99.8267648702866 99.8267648702866 99.8267648702866 994811.944032792
235000 539.189392076828 -331775.719343279 4115.74011318357 423.748442003455 99.8090515439912 99.8090515439912 99.8090515439912 994282.47775136
236000 538.521989138888 -331746.283436959 4110.64569351638 678.252810525098 99.8095202881936 99.8095202881936 99.8095202881936 994296.486490906
237000 540.085754370078 -331786.847126809 4122.58222525121 557.35988047775 99.8027856425181 99.8027856425181 99.8027856425181 994095.229656026
238000 534.640561541111 -331766.316972182 4081.01798292835 364.711874706348 99.8091728018484 99.8091728018484 99.8091728018484 994286.101612344
239000 531.605555462698 -331774.825726861 4057.85117652556 522.172192074431 99.8078739494048 99.8078739494048 99.8078739494048 994247.285116102
240000 532.434536191472 -331806.424761274 4064.17895167954 -111.887016539706 99.8174232565806 99.8174232565806 99.8174232565806 994532.691891526
241000 534.422924791196 -331810.350910923 4079.35671823195 -270.91980323463 99.8258830342407 99.8258830342407 99.8258830342407 994785.580763896
242000 528.119764281408 -331818.00598022 4031.2434375718 159.850998962172 99.8055449068151 99.8055449068151 99.8055449068151 994177.683686544
243000 530.572006193478 -331820.795949935 4049.96188892312 -394.382517955522 99.8202015911919 99.8202015911919 99.8202015911919 994615.740163674
244000 530.652892000426 -331812.821076312 4050.57930641155 -163.180701275059 99.8203656408108 99.8203656408108 99.8203656408108 994620.643978693
245000 528.752231080529 -331812.048330212 4036.07118272712 -9.78061090951913 99.811170298377 99.811170298377 99.811170298377 994345.799215139
246000 526.877201959993 -331840.382492908 4021.75871167673 653.969826610916 99.7794682726983 99.7794682726983 99.7794682726983 993398.627728378
247000 523.410058658632 -331866.754556998 3995.29331570779 267.73108368808 99.7954134914162 99.7954134914162 99.7954134914162 993874.952871234
248000 526.627151457053 -331865.189864855 4019.85002634205 -87.9949418600906 99.8074554285679 99.8074554285679 99.8074554285679 994234.777742349
249000 520.734063420569 -331862.955557244 3974.86691061558 -212.365430538751 99.8110365387924 99.8110365387924 99.8110365387924 994341.801573318
250000 523.306711419274 -331898.15746861 3994.50444562825 -100.221842222496 99.8035254347566 99.8035254347566 99.8035254347566 994117.336134772
251000 521.317307352609 -331861.135483214 3979.31892781425 179.464619457713 99.8023456703219 99.8023456703219 99.8023456703219 994082.082558063
252000 519.720472426676 -331907.484035873 3967.12996850724 -169.547504911607 99.7933216280392 99.7933216280392 99.7933216280392 993812.454797545
253000 519.535197713294 -331876.578854974 3965.71572968683 11.5139687848107 99.8040416915914 99.8040416915914 99.8040416915914 994132.7631206
254000 517.516714519988 -331897.249508844 3950.30824510248 3.26893922164405 99.7976465140836 99.7976465140836 99.7976465140836 993941.671216733
255000 519.17281269413 -331944.106217973 3962.94957259676 232.805553340565 99.7833013505205 99.7833013505205 99.7833013505205 993513.117831219
256000 516.229286620065 -331904.642079533 3940.48105130303 443.844139754201 99.7859320864053 99.7859320864053 99.7859320864053 993591.700303971
257000 517.556250028426 -331963.059910984 3950.6100275195 23.3134432438231 99.7881922618048 99.7881922618048 99.7881922618048 993659.217107303
258000 516.422244704445 -331932.673962156 3941.95393882588 -269.510500559817 99.7945728197601 99.7945728197601 99.7945728197601 993849.836021624
259000 512.824561295345 -331938.025592497 3914.49210419235 -109.127232362969 99.7979200606601 99.7979200606601 99.7979200606601 993949.844458171
260000 514.354021566677 -331954.844251077 3926.16677933015 -228.569198749612 99.7926187546229 99.7926187546229 99.7926187546229 993791.455814125
261000 512.127377374472 -331983.692869035 3909.17036034581 -333.030481181975 99.790973706574 99.790973706574 99.790973706574 993742.309661849
262000 510.378076389361 -331972.520385476 3895.8175972161 -255.061528366522 99.7958517098184 99.7958517098184 99.7958517098184 993888.045743677
263000 509.341532946102 -331961.807068544 3887.90545448636 33.7402783571906 99.7860869024449 99.7860869024449 99.7860869024449 993596.324928928
264000 509.192491165988 -332000.567237622 3886.76778886836 87.996182435106 99.7754765066048 99.7754765066048 99.7754765066048 993279.407119461
265000 509.154137716711 -332006.577093393 3886.47502934454 36.759053648958 99.7859785686719 99.7859785686719 99.7859785686719 993593.088808788
266000 505.062455586769 -332006.902321011 3855.24240399979 -221.99736249308 99.7900015214497 99.7900015214497 99.7900015214497 993713.266190989
267000 504.874623741284 -332021.777954169 3853.80864608031 -369.701200850503 99.7904860113059 99.7904860113059 99.7904860113059 993727.739975765
268000 503.04005264108 -332010.545128573 3839.80499916412 -241.532554833352 99.7877678994465 99.7877678994465 99.7877678994465 993646.540163291
269000 503.398917201227 -332042.125638938 3842.54428388875 82.6392792130833 99.7778517546907 99.7778517546907 99.7778517546907 993350.346630607
270000 505.896505801975 -332022.883971366 3861.60887555427 534.236279644645 99.761575627613 99.761575627613 99.761575627613 992864.309129281
271000 503.638998922733 -332073.773449981 3844.37687552754 772.92996545346 99.7562631898055 99.7562631898055 99.7562631898055 992705.703504132
272000 502.99315333367 -332056.404110388 3839.44700740162 328.71763813432 99.7680371751124 99.7680371751124 99.7680371751124 993057.244797845
273000 501.172526340735 -332066.22819459 3825.54979863588 67.484493893199 99.7676743638804 99.7676743638804 99.7676743638804 993046.410936949
274000 497.334387758462 -332079.735718485 3796.25252173254 -199.908849574147 99.7788224676196 99.7788224676196 99.7788224676196 993379.339058943
275000 498.837572979175 -332072.209456852 3807.72663417122 -484.833344456723 99.782042449485 99.782042449485 99.782042449485 993475.514778516
276000 494.991050709175 -332096.669511214 3778.36536290824 24.2562648565095 99.764022312086 99.764022312086 99.764022312086 992937.36186281
277000 496.019060605353 -332090.461696688 3786.21236737201 412.716644516505 99.7629668778593 99.7629668778593 99.7629668778593 992905.848428442
278000 494.928223485855 -332116.393036344 3777.88579018848 380.17265337377 99.7524656850755 99.7524656850755 99.7524656850755 992592.337356156
279000 494.74125229512 -332117.886971112 3776.45860181826 -147.311805804941 99.768971335167 99.768971335167 99.768971335167 993085.139997222
280000 493.033263638163 -332143.056759423 3763.42118392467 37.5663702434131 99.7621637552796 99.7621637552796 99.7621637552796 992881.869028714
281000 494.023762981864 -332157.630212015 3770.98186286393 79.4863972629855 99.7585755033956 99.7585755033956 99.7585755033956 992774.736766519
282000 488.792261734265 -332131.662487037 3731.04877097951 204.652567385498 99.7567938363763 99.7567938363763 99.7567938363763 992721.545477238
283000 489.378986160433 -332160.854201032 3735.52735548367 130.238672489059 99.7553286558375 99.7553286558375 99.7553286558375 992677.8042481
284000 491.646550863904 -332170.296022899 3752.8361288877 28.9354805902195 99.7557146797169 99.7557146797169 99.7557146797169 992689.328409015
285000 487.592057591824 -332166.391620652 3721.88737350834 -161.576813409843 99.7585903588592 99.7585903588592 99.7585903588592 992775.180281207
286000 486.253446897183 -332175.19250494 3711.66949123389 249.145362183291 99.747812074557 99.747812074557 99.747812074557 992453.425822794
287000 489.038184935126 -332212.619544017 3732.92595179467 467.845808346255 99.7413447615903 99.7413447615903 99.7413447615903 992260.396302726
288000 486.926703756881 -332200.740205245 3716.8085950528 -11.6166880775387 99.7505037101321 99.7505037101321 99.7505037101321 992533.770292815
289000 483.030559658135 -332208.370672345 3687.06855047925 -30.656065811687 99.7552859952981 99.7552859952981 99.7552859952981 992676.530687489
290000 483.141733008144 -332242.920192367 3687.91715882145 -293.844927035172 99.7544652374536 99.7544652374536 99.7544652374536 992652.02851686
291000 480.378348143531 -332214.043957418 3666.8236912893 -423.276433825845 99.7582730681862 99.7582730681862 99.7582730681862 992765.707493888
292000 477.811777551645 -332214.272049902 3647.23254633437 -277.672557262418 99.7590346075568 99.7590346075568 99.7590346075568 992788.443531319
293000 478.735950991485 -332254.443629728 3654.28694642788 -219.758297817697 99.749491601522 99.749491601522 99.749491601522 992503.558662455
294000 478.810092070956 -332238.955303776 3654.85288006697 -136.344822458471 99.7481834477145 99.7481834477145 99.7481834477145 992464.510936151
295000 478.68840112006 -332268.367866328 3653.92398878058 80.8180758276917 99.7438590642926 99.7438590642926 99.7438590642926 992335.437577521
296000 476.097473160198 -332266.474709596 3634.14691918042 -375.328267369547 99.7508701887045 99.7508701887045 99.7508701887045 992544.70989759
297000 477.143234091803 -332248.972748473 3642.12942083615 -14.2084175912946 99.7399458262259 99.7399458262259 99.7399458262259 992218.645651778
298000 475.784248985352 -332295.505378381 3631.75601661486 -384.306987401407 99.740904807259 99.740904807259 99.740904807259 992247.265920299
299000 474.383854365308 -332311.285836311 3621.06652532165 -503.144743324156 99.7452887423803 99.7452887423803 99.7452887423803 992378.109093725
300000 473.558939628247 -332281.736131079 3614.76978669294 104.89035986256 99.7384106654649 99.7384106654649 99.7384106654649 992172.830757637
301000 470.855668376261 -332330.923404968 3594.13517834918 633.454988995901 99.7104784147752 99.7104784147752 99.7104784147752 991339.474999255
302000 470.307061868542 -332305.760783745 3589.94755551507 397.537153271281 99.7254929394115 99.7254929394115 99.7254929394115 991787.373734999
303000 468.200763551308 -332324.546975993 3573.86976058446 -21.4004226212911 99.729841853194 99.729841853194 99.729841853194 991917.1315055
304000 470.552037791371 -332346.758997422 3591.81750556818 -42.9102087377467 99.7254011744335 99.7254011744335 99.7254011744335 991784.635881513
305000 465.303678172041 -332347.764154825 3551.75573037174 72.2575299811089 99.7255729040545 99.7255729040545 99.7255729040545 991789.759523765
306000 466.28932549152 -332367.991939553 3559.2793728429 -2.97204367708412 99.7246636045005 99.7246636045005 99.7246636045005 991762.630300932
307000 467.560614263829 -332387.39390602 3568.98337346406 -84.4539738125471 99.7252102436911 99.7252102436911 99.7252102436911 991778.939384573
308000 467.078148731602 -332368.44372775 3565.30061788059 -13.2286304482207 99.7244832893614 99.7244832893614 99.7244832893614 991757.250603871
309000 464.874461501173 -332391.552886532 3548.4794339618 150.982968968825 99.7145571473728 99.7145571473728 99.7145571473728 991461.134450615
310000 463.587953504746 -332401.513986234 3538.65926196911 2.78484633141965 99.7234512307345 99.7234512307345 99.7234512307345 991726.459538334
311000 462.344524458927 -332416.062246461 3529.16792019389 -153.939754105707 99.7223538657144 99.7223538657144 99.7223538657144 991693.720781184
312000 462.233341074554 -332423.696784641 3528.31923525738 5.16127382610008 99.7174351539541 99.7174351539541 99.7174351539541 991546.984925493
313000 458.74039172369 -332417.453895657 3501.65685656833 73.8232074643099 99.7124757718236 99.7124757718236 99.7124757718236 991399.050439565
314000 460.928737823676 -332440.350096135 3518.36093858031 -224.100043909242 99.7202390089087 99.7202390089087 99.7202390089087 991630.628235069
315000 458.68601561097 -332447.718869345 3501.24179286046 -216.845842344065 99.7206355992024 99.7206355992024 99.7206355992024 991642.459513754
316000 458.254615010337 -332430.968769721 3497.94882607927 -108.294285452235 99.7179691518235 99.7179691518235 99.7179691518235 991562.914541372
317000 455.53801213761 -332457.399614282 3477.21245481683 -176.326081965489 99.7201625290572 99.7201625290572 99.7201625290572 991628.346660963
318000 456.355069506609 -332451.961150894 3483.44921658882 -401.840851452826 99.7225258163841 99.7225258163841 99.7225258163841 991698.850705023
319000 454.349716784384 -332479.164109424 3468.14195950768 -374.461745995104 99.7213674273504 99.7213674273504 99.7213674273504 991664.292021726
320000 453.773619133166 -332481.540482964 3463.74449129507 227.588905851951 99.6982058492744 99.6982058492744 99.6982058492744 990973.471903733
321000 451.499693636805 -332501.660040266 3446.38716469094 399.949461782132 99.695764200459 99.695764200459 99.695764200459 990900.665680396
322000 450.345773533784 -332486.079923587 3437.57906251905 28.6269699207842 99.7062566995461 99.7062566995461 99.7062566995461 991213.561178673
323000 450.129449631481 -332528.13357323 3435.92781905019 150.219096334257 99.6975329398802 99.6975329398802 99.6975329398802 990953.406421544
324000 451.0390006784 -332487.215048429 3442.87060350366 329.697466230147 99.7037340446187 99.7037340446187 99.7037340446187 991138.32738915
325000 447.022359768732 -332528.31073556 3412.21078275218 190.494587559644 99.6979795769107 99.6979795769107 99.6979795769107 990966.724658912
326000 447.963483245492 -332549.951676291 3419.39456585637 -585.600752970276 99.7130646857632 99.7130646857632 99.7130646857632 991416.616511341
327000 444.651313623854 -332546.497210913 3394.11211487762 -441.677044862926 99.7049670559807 99.7049670559807 99.7049670559807 991175.09932986
328000 445.620245713056 -332540.532294684 3401.50816666402 -118.252587025176 99.7003647931519 99.7003647931519 99.7003647931519 991037.851270086
329000 443.160774231575 -332560.215803399 3382.73453056823 -207.060778577272 99.70019014221 99.70019014221 99.70019014221 991032.643102856
330000 442.618411111297 -332576.149945259 3378.59456475503 -212.706430330126 99.6958105120557 99.6958105120557 99.6958105120557 990902.046588012
331000 441.243599935443 -332559.075220905 3368.10035699119 -72.5518732087963 99.6926558302993 99.6926558302993 99.6926558302993 990807.98400871
332000 440.758378512469 -332580.373747007 3364.39656514428 -294.879695598025 99.6964400713896 99.6964400713896 99.6964400713896 990920.818758134
333000 442.885884886087 -332608.553345433 3380.63624539695 344.131947727073 99.677230509344 99.677230509344 99.677230509344 990348.135697378
334000 437.917729360266 -332596.2388277 3342.71332390289 283.629779168272 99.6768540903478 99.6768540903478 99.6768540903478 990336.915950157
335000 438.995489553057 -332602.989848753 3350.94008229808 281.803405905784 99.6807013686831 99.6807013686831 99.6807013686831 990451.593992271
336000 437.010159794904 -332608.502062956 3335.78566449313 -118.354203736101 99.6944466473068 99.6944466473068 99.6944466473068 990861.379747276
337000 433.735878667261 -332630.104822182 3310.79242394184 -390.47701811948 99.6876008298848 99.6876008298848 99.6876008298848 990657.272380943
338000 435.003948991789 -332629.914672255 3320.4718575095 -384.655611574799 99.6951125819061 99.6951125819061 99.6951125819061 990881.236017278
339000 432.251738182647 -332643.555338933 3299.46368377023 -37.8886741167123 99.6770362452894 99.6770362452894 99.6770362452894 990342.345347814
340000 433.189785020719 -332652.089397607 3306.62398227801 455.14344139585 99.6676979475091 99.6676979475091 99.6676979475091 990064.02912716
341000 431.511538395278 -332664.946354815 3293.81359123983 408.214259538415 99.6699964466036 99.6699964466036 99.6699964466036 990132.528163523
342000 432.93617127602 -332663.490144258 3304.68809800867 324.903433919547 99.6720328894834 99.6720328894834 99.6720328894834 990193.22013524
343000 430.359557714055 -332686.390218278 3285.02029306113 -112.563552932187 99.6757541465177 99.6757541465177 99.6757541465177 990304.130917874
344000 431.749548104737 -332684.702871679 3295.63036679763 -22.2180276469566 99.6738508989566 99.6738508989566 99.6738508989566 990247.404245996
345000 429.776075612668 -332721.076758167 3280.56645786835 -155.828076509756 99.6776631255841 99.6776631255841 99.6776631255841 990361.030594563
346000 425.635314516703 -332700.489687981 3248.95920299242 -13.1827279815352 99.6745183189283 99.6745183189283 99.6745183189283 990267.296584279
347000 429.737245783232 -332717.017667637 3280.27006203983 187.197840518547 99.6642489600936 99.6642489600936 99.6642489600936 989961.249582248
348000 425.531440415565 -332733.987677219 3248.1663112719 253.759513944677 99.6617078975115 99.6617078975115 99.6617078975115 989885.530674657
349000 426.23902450486 -332723.80858624 3253.56744167719 22.5233633150039 99.6705487493323 99.6705487493323 99.6705487493323 990148.988159917
350000 423.65693658329 -332730.171068334 3233.85784985151 -111.865912468407 99.6660449540498 99.6660449540498 99.6660449540498 990014.769168648
351000 422.817589610299 -332763.424200195 3227.45094708899 433.810416617656 99.6588700659256 99.6588700659256 99.6588700659256 989800.97317018
352000 423.874210002881 -332760.325663554 3235.51634117511 477.580005173703 99.6610537726186 99.6610537726186 99.6610537726186 989866.039602392
353000 419.250451259087 -332767.198506433 3200.22226897126 18.054955564603 99.6623876242226 99.6623876242226 99.6623876242226 989905.784879789
354000 418.497801193383 -332769.381625119 3194.47714098445 -206.3777403704 99.6716810900347 99.6716810900347 99.6716810900347 990182.735302452
355000 419.776729000998 -332770.721066195 3204.23945188488 -253.192400226641 99.6700684799564 99.6700684799564 99.6700684799564 990134.674926434
356000 416.59759448609 -332809.221793022 3179.97248439537 -36.9900879797642 99.656792114172 99.656792114172 99.656792114172 989739.060494006
357000 416.11349558416 -332794.268783538 3176.27726097537 496.694193539456 99.6521941532345 99.6521941532345 99.6521941532345 989602.073195455
358000 414.761465979368 -332813.335706117 3165.95694948478 -10.6373196386425 99.6572848068897 99.6572848068897 99.6572848068897 989753.7400646
359000 415.224891139546 -332823.899027897 3169.49436611283 -330.977747570937 99.6657574860622 99.6657574860622 99.6657574860622 990006.202658379
360000 413.651003999255 -332836.480892424 3157.4805718281 -644.538051220075 99.6703161976322 99.6703161976322 99.6703161976322 990142.057518033
361000 413.070288442702 -332821.122218864 3153.04785422353 -351.352468711002 99.6608369181532 99.6608369181532 99.6608369181532 989859.578008951
362000 410.843950511024 -332834.436680893 3136.05377298686 -124.494259079734 99.6545376778095 99.6545376778095 99.6545376778095 989671.89237017
363000 412.512594744603 -332850.623030643 3148.79086705379 103.622145511853 99.6470658820816 99.6470658820816 99.6470658820816 989449.301247571
364000 409.517229139744 -332856.345450641 3125.92664428768 373.824769862998 99.6377190554092 99.6377190554092 99.6377190554092 989170.898358658
365000 409.323795599648 -332859.639190515 3124.45012751656 106.821749763796 99.651742633669 99.651742633669 99.651742633669 989588.621730265
366000 405.651738309228 -332875.83415609 3096.42058222103 -213.405254718386 99.6522716266268 99.6522716266268 99.6522716266268 989604.381259714
367000 404.80330706834 -332879.260625278 3089.94433743076 -71.2249057502337 99.6425479915313 99.6425479915313 99.6425479915313 989314.72565511
368000 403.673250759276 -332903.338441911 3081.31839235522 -149.800664227067 99.6442342021384 99.6442342021384 99.6442342021384 989364.951826002
369000 404.374396350354 -332899.372495926 3086.67037642016 -54.2977491846978 99.6410334903315 99.6410334903315 99.6410334903315 989269.615541131
370000 405.053821084128 -332925.23707937 3091.85656085141 185.625052033569 99.6364872988192 99.6364872988192 99.6364872988192 989134.213374646
371000 402.960952868742 -332916.051723417 3075.88128056541 176.771725926492 99.6366424895622 99.6366424895622 99.6366424895622 989138.835317371
372000 402.496410244485 -332932.24464151 3072.33533411128 -136.866394881327 99.6368568122377 99.6368568122377 99.6368568122377 989145.218370803
373000 397.730830422005 -332931.886459369 3035.95871334281 179.609126233912 99.6299824275112 99.6299824275112 99.6299824275112 988940.496066303
374000 399.757952450508 -332932.068666416 3051.43213987832 -59.5306773391202 99.6362674538688 99.6362674538688 99.6362674538688 989127.665903286
375000 398.705021465966 -332957.253450121 3043.39490777922 382.584857289424 99.6239722528165 99.6239722528165 99.6239722528165 988761.533475344
376000 396.729651844674 -332953.51472263 3028.31651768441 397.622375408718 99.6245672919691 99.6245672919691 99.6245672919691 988779.250757416
377000 396.253484189316 -332954.408745172 3024.68183505052 -22.4909700188254 99.6336914019171 99.6336914019171 99.6336914019171 989050.947502204
378000 395.671966083252 -332965.924829208 3020.24299142556 -422.333868253409 99.6393552979154 99.6393552979154 99.6393552979154 989219.631410697
379000 393.717034519139 -332995.588383486 3005.32060909538 -328.082719710822 99.6294950767587 99.6294950767587 99.6294950767587 988925.983611551
380000 392.072824811738 -333017.027739104 2992.77002863761 -277.284122239072 99.6263991719018 99.6263991719018 99.6263991719018 988833.796284381
381000 390.97574616622 -332994.235375059 2984.39580864177 66.1802110173563 99.6264786669846 99.6264786669846 99.6264786669846 988836.163352385
382000 388.798894479403 -333011.41598566 2967.77946577683 187.316638624616 99.611980423044 99.611980423044 99.611980423044 988404.522029036
383000 389.31547999984 -333033.746591925 2971.72266603188 39.9672878624712 99.6205130140369 99.6205130140369 99.6205130140369 988658.538882799
384000 391.701840009255 -333032.715996851 2989.93822768715 -28.5381549955097 99.6191788575361 99.6191788575361 99.6191788575361 988618.817920358
385000 388.499286748113 -333039.042577913 2965.49250023929 -68.1886015272117 99.623790164204 99.623790164204 99.623790164204 988756.111831861
386000 386.888504774111 -333048.969881147 2953.19708033413 36.0945748860595 99.6117378032953 99.6117378032953 99.6117378032953 988397.299829307
387000 387.394708207176 -333041.043654927 2957.06103204667 -54.9506007382734 99.6147931205655 99.6147931205655 99.6147931205655 988488.251760284
388000 384.574343996513 -333038.457948841 2935.5326298077 -277.718695455841 99.6211299558137 99.6211299558137 99.6211299558137 988676.907043567
389000 384.357081383094 -333078.199472812 2933.87422096975 -431.482658844809 99.6206089234799 99.6206089234799 99.6206089234799 988661.394372443
390000 383.177819442954 -333066.669411742 2924.87267950343 -433.294218281406 99.6199503357007 99.6199503357007 99.6199503357007 988641.786501703
391000 384.110786434769 -333076.501474967 2931.9942025321 -279.410684072977 99.6179732912413 99.6179732912413 99.6179732912413 988582.926304439
392000 382.531628004163 -333097.621514461 2919.9401714376 29.129251381621 99.6096614820929 99.6096614820929 99.6096614820929 988335.494236757
393000 378.768170078634 -333113.358507638 2891.21294687423 229.643198592085 99.5961481618179 99.5961481618179 99.5961481618179 987933.307879955
394000 381.325260104319 -333114.168055422 2910.73172477748 297.259411395019 99.598284410298 99.598284410298 99.598284410298 987996.880106423
395000 376.280915889239 -333114.519070212 2872.22723983065 247.907204723442 99.6060175356403 99.6060175356403 99.6060175356403 988227.031569058
396000 377.64908631435 -333113.483234426 2882.67075742029 63.9551566462946 99.6037205098924 99.6037205098924 99.6037205098924 988158.66429634
397000 375.104016437387 -333125.304427591 2863.24373170836 -379.668586108298 99.6170759380949 99.6170759380949 99.6170759380949 988556.211245528
398000 374.675927184591 -333154.006015969 2859.97604110531 -402.34185097443 99.6075251816702 99.6075251816702 99.6075251816702 988271.905939573
399000 377.56290818235 -333157.22294332 2882.01294255975 41.0866014305741 99.5934138180669 99.5934138180669 99.5934138180669 987851.941025302
400000 373.797411623779 -333161.941426761 2853.27015670398 603.693237572577 99.5788864033309 99.5788864033309 99.5788864033309 987419.718419438
