Step Temp PotEng KinEng Press Lx Ly Lz Volume
0 769.369607666438 -329446.178786245 5872.75158352127 6.21425402799519 100.171277560035 100.171277560035 100.171277560035 1005147.13262641
1000 769.914715671962 -329450.701743059 5876.91250159073 -310.116758391651 100.177236988706 100.177236988706 100.177236988706 1005326.53911377
2000 765.652988848397 -329559.266926099 5844.38189120239 -15.7234099831521 100.157387819451 100.157387819451 100.157387819451 1004729.06975989
3000 758.491192831997 -329527.545446653 5789.71447455756 254.427895718288 100.15742545257 100.15742545257 100.15742545257 1004730.20231046
4000 750.152985048982 -329634.932388412 5726.06727238908 -254.290928783507 100.150210552445 100.150210552445 100.150210552445 1004513.0889256
5000 744.063579291941 -329678.808164541 5679.58562436709 -214.969249767784 100.148058373647 100.148058373647 100.148058373647 1004448.33083965
6000 744.224518161481 -329727.710597313 5680.81410284028 14.4646900907818 100.13090366779 100.13090366779 100.13090366779 1003932.25300789
7000 739.311978532732 -329765.329367963 5643.3157085752 440.470321529064 100.11224627789 100.11224627789 100.11224627789 1003371.16951899
8000 733.311716482621 -329810.011275647 5597.51451223835 211.226267281687 100.114171686094 100.114171686094 100.114171686094 1003429.06262324
9000 730.350230387012 -329866.953766887 5574.90889851998 -218.60518939468 100.121935426782 100.121935426782 100.121935426782 1003662.52509093
10000 722.598030221769 -329915.144609332 5515.73480931428 -91.9803798172029 100.108753266731 100.108753266731 100.108753266731 1003266.14747008
11000 716.861079533037 -329951.037115558 5471.94352108804 374.271580582865 100.084529182724 100.084529182724 100.084529182724 1002538.01964053
12000 716.908171118039 -329967.732780527 5472.30298054372 402.761594114337 100.078689052855 100.078689052855 100.078689052855 1002362.529663
13000 712.098507060889 -330041.201082528 5435.58985602415 753.3067836332 100.057660760251 100.057660760251 100.057660760251 1001730.82042821
14000 699.202846771157 -330083.718218211 5337.15471037708 317.595355029858 100.068227990213 100.068227990213 100.068227990213 1002048.23654159
15000 694.101772280672 -330134.976747509 5298.21719192932 -227.209462872816 100.063790162126 100.063790162126 100.063790162126 1001914.92587879
16000 693.841839938246 -330139.304888639 5296.23307654397 238.800881596214 100.056686342011 100.056686342011 100.056686342011 1001701.55444491
17000 692.549407023523 -330210.146419217 5286.36767846885 313.266567956132 100.04002692619 100.04002692619 100.04002692619 1001201.28849626
18000 681.241487648551 -330262.967420362 5200.05207572867 381.925385389348 100.035106776625 100.035106776625 100.035106776625 1001053.57308776
19000 678.653906598864 -330269.782510765 5180.30055376106 -55.231281475023 100.044984941939 100.044984941939 100.044984941939 1001350.1554427
20000 674.013780884627 -330317.551333638 5144.88154920917 99.2637197618555 100.032096335963 100.032096335963 100.032096335963 1000963.19916438
21000 665.147392722043 -330372.520180976 5077.20264091454 -544.128575624795 100.041281493719 100.041281493719 100.041281493719 1001238.95613045
22000 663.988643359162 -330461.314251967 5068.35767603946 -617.363812067489 100.030447569578 100.030447569578 100.030447569578 1000913.70523192
23000 657.514645967505 -330477.527605117 5018.94036340492 -33.1092344123045 100.006841781013 100.006841781013 100.006841781013 1000205.26747371
24000 655.027307029588 -330534.888312379 4999.95400945897 -176.944155517653 99.9997475113939 99.9997475113939 99.9997475113939 999992.425360941
25000 650.729422876492 -330586.815738216 4967.14740296663 669.938602174498 99.9817310208978 99.9817310208978 99.9817310208978 999452.030747515
26000 643.388767816004 -330611.776559438 4911.11471958403 415.638159458234 99.9751349011234 99.9751349011234 99.9751349011234 999254.23250027
27000 640.127626281586 -330663.695726808 4886.22177616711 -310.112397895635 99.9829437485469 99.9829437485469 99.9829437485469 999488.39972616
28000 634.173859458811 -330715.512025761 4840.775487169 -228.274990520735 99.9787898519774 99.9787898519774 99.9787898519774 999363.830510892
29000 625.659888539301 -330741.879190171 4775.78664994257 61.3180907541176 99.9582050328002 99.9582050328002 99.9582050328002 998746.674956782
30000 626.568117312793 -330763.001315115 4782.71934121939 -98.8463692810025 99.9642862639451 99.9642862639451 99.9642862639451 998928.970514085
31000 621.151707911097 -330824.520259915 4741.37480853465 145.820771261661 99.9490632562425 99.9490632562425 99.9490632562425 998472.675920675
32000 615.437081703242 -330857.410242423 4697.75392752116 416.2252923796 99.9324533991715 99.9324533991715 99.9324533991715 997974.970429947
33000 609.972748650356 -330927.760520152 4656.04358405366 221.466658866787 99.9274410489037 99.9274410489037 99.9274410489037 997824.810525518
34000 602.551924639219 -330973.898775707 4599.39895508967 303.697531884988 99.9204523597712 99.9204523597712 99.9204523597712 997615.468637891
35000 594.669069861462 -330984.905059626 4539.22755318161 220.980664362257 99.913823425977 99.913823425977 99.913823425977 997416.930059902
36000 591.385122302607 -331037.459498939 4514.16052683395 -442.724223011697 99.925513613616 99.925513613616 99.925513613616 997767.07246174
37000 586.24462591088 -331109.689797425 4474.92209315555 -262.966626403765 99.9080075255997 99.9080075255997 99.9080075255997 997242.763774098
38000 582.285718742114 -331146.457950493 4444.70296555717 285.451193825277 99.8865308255374 99.8865308255374 99.8865308255374 996599.785881243
39000 578.894567475407 -331196.389666683 4418.8176319372 605.32297626131 99.8761447800806 99.8761447800806 99.8761447800806 996288.943537114
40000 572.412287031845 -331217.203122025 4369.3370931163 253.581772658777 99.8763035014103 99.8763035014103 99.8763035014103 996293.693396779
41000 568.69662189681 -331256.020985201 4340.97468044991 148.084475023306 99.8750747483483 99.8750747483483 99.8750747483483 996256.922396377
42000 566.021643520452 -331284.577040196 4320.5560372658 3.84735053921751 99.8730966018439 99.8730966018439 99.8730966018439 996197.727353343
43000 554.28723914805 -331315.034433703 4230.98498952358 -464.886014681364 99.8772032764209 99.8772032764209 99.8772032764209 996320.620151568
44000 552.18041583056 -331368.543727771 4214.90318716136 -284.082913113275 99.8684163505768 99.8684163505768 99.8684163505768 996057.682516071
45000 547.63003140794 -331444.653534976 4180.16919577766 -69.6892152115282 99.8497454520196 99.8497454520196 99.8497454520196 995499.133097132
46000 543.216569583758 -331468.718004126 4146.48036188234 -170.592868041322 99.850467507658 99.850467507658 99.850467507658 995520.729876079
47000 538.560041415077 -331517.165268968 4110.93615412597 601.968084343036 99.8276131820594 99.8276131820594 99.8276131820594 994837.305503426
48000 534.838973983624 -331564.175115726 4082.53250465412 761.416348903541 99.8136188409198 99.8136188409198 99.8136188409198 994418.980134035
49000 526.568386358431 -331598.131430859 4019.40146062988 339.511910180047 99.8212085862633 99.8212085862633 99.8212085862633 994645.841783473
50000 520.38052911704 -331643.308880516 3972.16831280226 164.226690530017 99.8150063804576 99.8150063804576 99.8150063804576 994460.45187454
51000 515.897681623603 -331683.17408171 3937.949844262 -152.324504071177 99.8073422280496 99.8073422280496 99.8073422280496 994231.394795734
52000 514.438769005285 -331706.177687378 3926.81367342282 357.515626417649 99.7889422455615 99.7889422455615 99.7889422455615 993681.621577911
53000 509.745343622163 -331743.538138051 3890.98782187344 -207.343841948534 99.7951830825138 99.7951830825138 99.7951830825138 993868.068874258
54000 504.817612800059 -331789.704799221 3853.37347020122 -211.701495187826 99.7897973336144 99.7897973336144 99.7897973336144 993707.166268879
55000 499.847660638314 -331813.068036055 3815.43683462702 -415.552552330731 99.7896685657841 99.7896685657841 99.7896685657841 993703.31946227
56000 494.066780722491 -331858.92994648 3771.31022585341 -299.476212937835 99.7832299916326 99.7832299916326 99.7832299916326 993510.98633408
57000 488.943690564696 -331925.295393845 3732.20465742841 667.501336209608 99.7532225325432 99.7532225325432 99.7532225325432 992614.930683299
58000 483.705425309956 -331952.668327499 3692.21993452912 564.67597309583 99.747112561408 99.747112561408 99.747112561408 992432.546286548
59000 478.293844691453 -332012.631602473 3650.91226090908 287.558419473666 99.7425381437187 99.7425381437187 99.7425381437187 992296.013227519
60000 470.5803120309 -332044.648571038 3592.03332847477 61.6306949126806 99.7485489771924 99.7485489771924 99.7485489771924 992475.421702184
61000 470.470538810528 -332071.689108778 3591.19540760118 255.992124583924 99.7361349455528 99.7361349455528 99.7361349455528 992104.917425128
62000 463.045215145129 -332133.109268505 3534.51643187923 439.153265439405 99.7222858453291 99.7222858453291 99.7222858453291 991691.691486637
63000 459.27732068267 -332183.843341866 3505.75534234508 334.50623046817 99.7197168037241 99.7197168037241 99.7197168037241 991615.049694082
64000 453.048735268971 -332221.312759815 3458.21130825938 105.668814219153 99.7107387326236 99.7107387326236 99.7107387326236 991347.239399857
65000 447.467148626256 -332257.91857014 3415.60594476707 -520.393820976645 99.7250613657646 99.7250613657646 99.7250613657646 991774.497565761
66000 442.526577821304 -332301.610894058 3377.89358294622 -306.552319588664 99.7082154957676 99.7082154957676 99.7082154957676 991271.981490094
67000 435.620338636432 -332353.689161499 3325.17688253983 49.7446402144541 99.687637843435 99.687637843435 99.687637843435 990658.375860894
68000 431.399538315556 -332392.009565596 3292.95867230491 54.3805087178898 99.6862256743744 99.6862256743744 99.6862256743744 990616.275637018
69000 428.336942714595 -332428.550227174 3269.58126957675 233.886197828034 99.6764144363994 99.6764144363994 99.6764144363994 990323.811495201
70000 424.201544617815 -332477.310390307 3238.01495154267 399.42572637983 99.6646297242942 99.6646297242942 99.6646297242942 989972.595975199
71000 414.827492331321 -332498.019810682 3166.4609417911 -0.519078900015901 99.6727491491754 99.6727491491754 99.6727491491754 990214.567364756
72000 410.708465917733 -332547.144545602 3135.0195920784 -483.289249061336 99.6723295567564 99.6723295567564 99.6723295567564 990202.061897212
73000 406.809824875853 -332592.589615136 3105.26048784016 -574.902132431191 99.6697550987059 99.6697550987059 99.6697550987059 990125.335452558
74000 400.924908687328 -332631.784001064 3060.33974945816 -230.160883361933 99.6493435716115 99.6493435716115 99.6493435716115 989517.152010887
75000 398.078424964754 -332682.874439442 3038.61197177804 -31.3629987820299 99.6387704330644 99.6387704330644 99.6387704330644 989202.211896249
76000 393.075114586621 -332710.164347661 3000.42070628843 154.215871382703 99.6326015525452 99.6326015525452 99.6326015525452 989018.491470076
77000 388.519506697295 -332739.651478386 2965.64684314209 192.276726921249 99.6241965874096 99.6241965874096 99.6241965874096 988768.213009721
78000 382.387832865465 -332799.12975108 2918.84255447941 306.258087498054 99.6169200097385 99.6169200097385 99.6169200097385 988551.569158742
79000 377.0159065664 -332835.360521515 2877.83757018443 320.67104745908 99.607738506389 99.607738506389 99.607738506389 988278.255558565
80000 370.75173611018 -332873.402597561 2830.02190837555 -12.7106403927165 99.6068782741147 99.6068782741147 99.6068782741147 988252.650875975
