# Time-averaged data for fix out_vacf
Step VACF_x VACF_y VACF_z VACF_total
0 6.31664 6.29742 5.85397 18.468
5 6.03838 5.91326 5.53391 17.4855
10 5.23263 5.01461 4.7272 14.9744
15 4.03644 3.73693 3.56364 11.337
20 2.62782 2.26122 2.21114 7.10018
25 1.19003 0.783391 0.847888 2.82131
30 -0.115408 -0.518657 -0.362126 -0.996191
35 -1.16506 -1.51547 -1.29666 -3.9772
40 -1.88435 -2.14564 -1.89546 -5.92544
45 -2.25567 -2.41552 -2.16166 -6.83284
50 -2.31608 -2.38309 -2.14773 -6.8469
55 -2.14089 -2.13569 -1.93634 -6.21293
60 -1.82022 -1.77015 -1.61978 -5.21015
65 -1.43939 -1.37916 -1.28201 -4.10055
70 -1.0715 -1.03693 -0.98391 -3.09234
75 -0.773871 -0.78658 -0.759056 -2.31951
80 -0.579797 -0.63872 -0.617618 -1.83613
85 -0.494312 -0.580045 -0.550462 -1.62482
90 -0.499143 -0.583552 -0.535846 -1.61854
95 -0.562837 -0.617955 -0.547844 -1.72864
100 -0.648424 -0.653037 -0.564096 -1.86556
105 -0.718475 -0.658941 -0.569607 -1.94702
110 -0.741813 -0.609806 -0.556816 -1.90844
115 -0.701406 -0.494955 -0.523753 -1.72011
120 -0.600092 -0.327187 -0.472608 -1.39989
125 -0.456253 -0.137323 -0.408751 -1.00233
130 -0.292149 0.0423785 -0.33851 -0.588281
135 -0.126773 0.1882 -0.268236 -0.206809
140 0.0234285 0.285517 -0.203353 0.105592
145 0.140775 0.327072 -0.147313 0.320534
150 0.206782 0.312907 -0.10278 0.41691
155 0.20952 0.250118 -0.0719318 0.387706
160 0.150951 0.151918 -0.0552086 0.24766
165 0.0479191 0.0367805 -0.04984 0.0348596
170 -0.0717191 -0.0721402 -0.0513902 -0.195249
175 -0.1763 -0.151623 -0.0563282 -0.384251
180 -0.239027 -0.186328 -0.0611693 -0.486525
185 -0.2465 -0.176374 -0.061887 -0.484761
190 -0.202765 -0.137388 -0.0561749 -0.396328
195 -0.125163 -0.0894028 -0.0450702 -0.259636
200 -0.0345772 -0.0481988 -0.0307309 -0.113507
205 0.0495821 -0.0223378 -0.013499 0.0137453
210 0.111372 -0.0149742 0.00452934 0.100927
215 0.142512 -0.0252046 0.0194489 0.136756
220 0.144209 -0.0484096 0.0306776 0.126477
225 0.121747 -0.0768057 0.0411456 0.0860869
230 0.080485 -0.100864 0.0534858 0.0331064
235 0.027432 -0.113269 0.067322 -0.0185148
240 -0.0303709 -0.114346 0.0780498 -0.0666671
245 -0.0861722 -0.110387 0.0815537 -0.115006
250 -0.130624 -0.106093 0.0773569 -0.15936
255 -0.151412 -0.102054 0.0661264 -0.18734
260 -0.138481 -0.0992514 0.0499066 -0.187826
265 -0.0919339 -0.0996739 0.0327481 -0.15886
270 -0.0202287 -0.102545 0.0196767 -0.103097
275 0.0630079 -0.104167 0.0163861 -0.0247729
280 0.140091 -0.100414 0.0271291 0.0668067
285 0.193198 -0.0894199 0.0489011 0.152679
290 0.207631 -0.0720958 0.0710466 0.206582
295 0.174522 -0.0474303 0.0838415 0.210933
300 0.0983277 -0.0104221 0.0818571 0.169763
305 0.00282155 0.0415948 0.0626114 0.107028
310 -0.0800864 0.0996533 0.0290574 0.0486243
315 -0.129396 0.142078 -0.00913583 0.00354617
320 -0.139038 0.148816 -0.0424601 -0.032682
325 -0.110057 0.115268 -0.0676568 -0.0624458
330 -0.0454214 0.0501777 -0.0857848 -0.0810285
335 0.0475571 -0.0311305 -0.0984253 -0.0819986
340 0.153561 -0.111189 -0.104265 -0.061893
345 0.249335 -0.175668 -0.097124 -0.0234564
350 0.309305 -0.217491 -0.0716896 0.0201245
355 0.316681 -0.235446 -0.030171 0.0510644
360 0.270307 -0.231097 0.018718 0.0579281
365 0.182845 -0.205175 0.0633299 0.0409993
370 0.0751271 -0.158613 0.0932835 0.00979732
375 -0.0315087 -0.0994456 0.106152 -0.0248025
380 -0.121429 -0.0429252 0.108805 -0.05555
385 -0.184709 -0.000190015 0.110161 -0.0747378
390 -0.214922 0.0261415 0.113829 -0.0749522
395 -0.211104 0.0346696 0.117754 -0.0586808
400 -0.17942 0.0225035 0.118632 -0.0382851
405 -0.131854 -0.010653 0.116423 -0.0260833
410 -0.0807938 -0.0583763 0.114497 -0.0246735
415 -0.0357305 -0.10659 0.112861 -0.029459
420 -0.00332381 -0.135645 0.106804 -0.0321648
425 0.014501 -0.12791 0.0926059 -0.0208031
430 0.0201693 -0.0774203 0.0713681 0.014117
435 0.0163189 0.00983711 0.0456003 0.0717563
440 0.00142796 0.119701 0.0170478 0.138177
445 -0.029231 0.233101 -0.0134732 0.190397
450 -0.0732552 0.331612 -0.0451269 0.21323
455 -0.117693 0.399635 -0.0731438 0.208798
460 -0.150731 0.426019 -0.0896224 0.185666
465 -0.171131 0.409015 -0.0909091 0.146975
470 -0.181092 0.35609 -0.0812306 0.0937667
475 -0.178875 0.281563 -0.0687683 0.0339197
480 -0.161559 0.201978 -0.0594001 -0.0189816
485 -0.131446 0.131368 -0.0535151 -0.0535937
490 -0.0974711 0.0781113 -0.0463385 -0.0656983
495 -0.0713466 0.0417416 -0.034771 -0.064376
500 -0.0610222 0.0140538 -0.0232339 -0.0702023
505 -0.0660132 -0.0156692 -0.0187378 -0.10042
510 -0.0805833 -0.0546715 -0.0226438 -0.157899
515 -0.100791 -0.10432 -0.0306276 -0.235738
520 -0.124546 -0.159839 -0.0392324 -0.323618
525 -0.145735 -0.21226 -0.0492372 -0.407232
530 -0.153741 -0.253055 -0.0603068 -0.467102
535 -0.140286 -0.276737 -0.0645255 -0.481548
540 -0.103264 -0.27752 -0.0494207 -0.430204
545 -0.0467638 -0.249372 -0.00723672 -0.303372
550 0.0196693 -0.194186 0.0583207 -0.116195
555 0.0822324 -0.126302 0.131285 0.0872154
560 0.128202 -0.0634432 0.191429 0.256187
565 0.150939 -0.0134398 0.226858 0.364357
570 0.149691 0.0261245 0.235706 0.411521
575 0.127578 0.0596017 0.218383 0.405563
580 0.0923181 0.0885002 0.175036 0.355855
585 0.0539934 0.111254 0.110696 0.275943
590 0.0205334 0.126919 0.037743 0.185196
595 -0.00190993 0.137813 -0.0273888 0.108514
600 -0.00894343 0.14644 -0.0690408 0.0684553
605 -0.00164087 0.150375 -0.0800263 0.0687074
610 0.0143694 0.143846 -0.0680304 0.0901849
615 0.0353851 0.125014 -0.0524737 0.107926
620 0.0611755 0.0983443 -0.0532817 0.106238
625 0.0903063 0.0700838 -0.0802466 0.0801435
630 0.116853 0.0426864 -0.128189 0.0313505
635 0.131113 0.0148192 -0.181705 -0.0357733
640 0.12361 -0.0139944 -0.229422 -0.119806
645 0.0907583 -0.0420397 -0.269464 -0.220745
650 0.039341 -0.067279 -0.299902 -0.32784
655 -0.0140232 -0.0894094 -0.31419 -0.417623
660 -0.0519506 -0.107402 -0.304065 -0.463417
665 -0.0678686 -0.115252 -0.26524 -0.448361
670 -0.0644039 -0.105444 -0.204062 -0.37391
675 -0.0419693 -0.0757908 -0.134637 -0.252397
680 0.00153771 -0.0307741 -0.0671053 -0.0963417
685 0.0614465 0.019541 -0.00207058 0.0789169
690 0.124075 0.0614823 0.0660912 0.251648
695 0.173216 0.0821305 0.139412 0.394758
700 0.197474 0.0746207 0.210349 0.482444
705 0.194195 0.0413765 0.266288 0.50186
710 0.166934 -0.00817383 0.296576 0.455336
715 0.122418 -0.0637314 0.295829 0.354515
720 0.0722698 -0.116833 0.264818 0.220255
725 0.0303644 -0.157712 0.209389 0.0820417
730 0.0073936 -0.173585 0.138457 -0.0277338
735 0.00622548 -0.156529 0.0636287 -0.0866745
740 0.0194662 -0.111067 -0.00366393 -0.0952645
745 0.0298259 -0.0521682 -0.0564553 -0.0787976
750 0.0196564 0.00356962 -0.0893238 -0.0660978
755 -0.0144213 0.0455766 -0.0953246 -0.0641692
760 -0.0603338 0.0686263 -0.0707097 -0.0624172
765 -0.104063 0.0705056 -0.0221926 -0.0557495
770 -0.141681 0.0550581 0.0323552 -0.0542677
775 -0.176587 0.0330065 0.0717292 -0.0718517
780 -0.206245 0.0150255 0.0831544 -0.108065
785 -0.220449 0.00553573 0.0679188 -0.146995
790 -0.209706 0.00188095 0.0363267 -0.171498
795 -0.170373 -0.000773339 -0.00117329 -0.17232
800 -0.106219 -0.00131681 -0.0373449 -0.144881
805 -0.0275688 0.00713651 -0.0651799 -0.0856121
810 0.0527401 0.030108 -0.079718 0.00313011
815 0.124182 0.0648887 -0.0798353 0.109235
820 0.182134 0.0995666 -0.0660024 0.215699
825 0.226287 0.120757 -0.0412812 0.305763
830 0.256636 0.12343 -0.0153841 0.364682
835 0.272912 0.113361 -0.00207216 0.384201
840 0.276279 0.099092 -0.0100259 0.365345
845 0.268824 0.083838 -0.0372301 0.315432
850 0.251138 0.0643476 -0.0759326 0.239553
855 0.221028 0.0395664 -0.11713 0.143464
860 0.173223 0.0163513 -0.150123 0.0394518
865 0.102855 0.00234502 -0.167008 -0.0618082
870 0.0113408 -0.00517712 -0.166749 -0.160585
875 -0.094162 -0.0198974 -0.151848 -0.265908
880 -0.203918 -0.0564694 -0.122967 -0.383354
885 -0.307704 -0.116928 -0.0801196 -0.504752
890 -0.39523 -0.188681 -0.0274068 -0.611318
895 -0.452693 -0.255185 0.0262991 -0.681579
900 -0.466744 -0.305672 0.0710764 -0.70134
905 -0.433551 -0.335548 0.102617 -0.666483
910 -0.360544 -0.338073 0.127161 -0.571456
915 -0.260089 -0.300982 0.155607 -0.405464
920 -0.145505 -0.21765 0.190535 -0.172619
925 -0.0317653 -0.10019 0.221678 0.0897229
930 0.065223 0.0230979 0.234055 0.322376
935 0.132592 0.123277 0.218456 0.474324
940 0.167117 0.18424 0.17897 0.530328
945 0.175335 0.205207 0.130992 0.511534
950 0.166814 0.194452 0.0890474 0.450313
955 0.149085 0.160343 0.0560627 0.365491
960 0.127785 0.112005 0.0279851 0.267775
965 0.11075 0.0642869 0.00167296 0.17671
970 0.108961 0.0331068 -0.0247419 0.117326
975 0.131977 0.0258342 -0.0529519 0.104859
980 0.18092 0.0382283 -0.0819662 0.137182
985 0.243801 0.0577284 -0.106292 0.195237
990 0.300664 0.067759 -0.121708 0.246715
995 0.333025 0.0545217 -0.130666 0.25688
1000 0.328859 0.0155482 -0.135464 0.208943
1005 0.283869 -0.0405858 -0.133055 0.110228
1010 0.202914 -0.104129 -0.117677 -0.0188912
1015 0.0996341 -0.167378 -0.0840477 -0.151792
1020 -0.00961071 -0.217216 -0.0319207 -0.258747
1025 -0.111084 -0.23268 0.0307117 -0.313052
1030 -0.193861 -0.198027 0.0887789 -0.303109
1035 -0.249849 -0.115989 0.126863 -0.238976
1040 -0.275516 -0.00488923 0.139726 -0.140679
1045 -0.269649 0.112452 0.133682 -0.0235141
1050 -0.230832 0.218728 0.115245 0.103141
1055 -0.16269 0.304004 0.0836354 0.224949
1060 -0.0785411 0.359277 0.0353526 0.316089
1065 0.00227725 0.372285 -0.0295816 0.34498
1070 0.0614405 0.333058 -0.105199 0.2893
1075 0.0875466 0.243773 -0.178585 0.152735
1080 0.0792405 0.12025 -0.236338 -0.0368477
1085 0.0444902 -0.0164778 -0.272636 -0.244624
1090 -0.00424342 -0.147201 -0.290337 -0.441781
1095 -0.0556773 -0.254466 -0.295487 -0.60563
1100 -0.101003 -0.32501 -0.290383 -0.716396
1105 -0.133972 -0.353341 -0.272594 -0.759907
1110 -0.152674 -0.340191 -0.239436 -0.732301
1115 -0.158101 -0.289504 -0.190513 -0.638118
1120 -0.150929 -0.209688 -0.129138 -0.489755
1125 -0.13038 -0.115381 -0.0610787 -0.30684
1130 -0.0952151 -0.0212275 0.00899395 -0.107449
1135 -0.0469978 0.0643942 0.0756054 0.0930018
1140 0.00863383 0.138888 0.128503 0.276024
1145 0.0628643 0.200934 0.155763 0.419562
1150 0.106349 0.246541 0.151978 0.504869
1155 0.134095 0.268276 0.125027 0.527398
1160 0.150284 0.258921 0.0923112 0.501516
1165 0.163966 0.219116 0.0680012 0.451084
1170 0.1795 0.160213 0.0577543 0.397467
1175 0.19527 0.0976806 0.0636247 0.356575
1180 0.207394 0.0415223 0.0887875 0.337704
1185 0.211909 -0.00573099 0.134898 0.341076
1190 0.205207 -0.042247 0.196791 0.359751
1195 0.182957 -0.0666512 0.262616 0.378922
1200 0.140538 -0.0821711 0.31705 0.375418
1205 0.0750698 -0.0931085 0.344986 0.326948
1210 -0.0109792 -0.0981058 0.337474 0.228388
1215 -0.110164 -0.0890816 0.296897 0.0976516
1220 -0.210958 -0.0597141 0.235023 -0.035649
1225 -0.297659 -0.0120092 0.165016 -0.144652
1230 -0.354205 0.0467806 0.0970386 -0.210386
1235 -0.370711 0.108089 0.0380159 -0.224606
1240 -0.347067 0.162736 -0.00681272 -0.191144
1245 -0.289956 0.201912 -0.0346178 -0.122662
1250 -0.208446 0.217905 -0.047346 -0.0378866
1255 -0.112183 0.201712 -0.0492174 0.0403119
1260 -0.0111967 0.149208 -0.0435143 0.0944972
1265 0.0814782 0.0721481 -0.0334074 0.120219
1270 0.148287 -0.00624581 -0.0214989 0.120543
1275 0.176736 -0.0664084 -0.00930097 0.101027
1280 0.1695 -0.0988264 0.0011936 0.071867
1285 0.140973 -0.103091 0.00807648 0.0459578
1290 0.106319 -0.0847319 0.0115418 0.033129
1295 0.0752082 -0.0513473 0.0115058 0.0353667
1300 0.0517432 -0.012315 0.00379523 0.0432234
1305 0.0384888 0.019173 -0.0159178 0.0417439
1310 0.0384579 0.030977 -0.0445174 0.0249175
1315 0.0515486 0.0197968 -0.0714975 -0.000152178
1320 0.0729728 -0.00566871 -0.0845717 -0.0172676
1325 0.0951808 -0.0289682 -0.0764329 -0.0102203
1330 0.112764 -0.0379717 -0.0508035 0.0239885
1335 0.123868 -0.0317481 -0.0195953 0.0725248
1340 0.124818 -0.0170231 0.00888128 0.116676
1345 0.110054 -0.00131893 0.0341658 0.142901
1350 0.0767613 0.0132384 0.0561281 0.146128
1355 0.0269387 0.0290137 0.0697107 0.125663
1360 -0.0308812 0.0468938 0.0678942 0.0839068
1365 -0.0842617 0.0641488 0.0491975 0.0290846
1370 -0.121817 0.0774982 0.0201459 -0.0241727
1375 -0.13552 0.0852937 -0.0126789 -0.0629047
1380 -0.124831 0.0851299 -0.0497245 -0.0894257
1385 -0.0964446 0.075869 -0.0898739 -0.11045
1390 -0.0579548 0.060676 -0.120626 -0.117905
1395 -0.0186723 0.043704 -0.123011 -0.0979794
1400 0.00774378 0.0285089 -0.0877236 -0.0514709
1405 0.0098463 0.0165303 -0.0240689 0.00230773
1410 -0.0113921 0.00411226 0.0476412 0.0403614
1415 -0.041858 -0.0134857 0.1086 0.0532559
1420 -0.0649848 -0.0358004 0.150306 0.0495208
1425 -0.0734207 -0.0585621 0.172661 0.0406782
1430 -0.0685819 -0.0785518 0.174389 0.0272552
1435 -0.0531388 -0.0963805 0.149443 -7.65218e-05
1440 -0.0268305 -0.115006 0.0934222 -0.0484147
1445 0.0106226 -0.135537 0.0116118 -0.113303
1450 0.05498 -0.153709 -0.0797654 -0.178494
1455 0.0976976 -0.163071 -0.159883 -0.225257
1460 0.128989 -0.162813 -0.214726 -0.24855
1465 0.141 -0.154994 -0.241833 -0.255827
1470 0.130581 -0.135288 -0.2443 -0.249007
1475 0.0992232 -0.0939478 -0.223008 -0.217733
1480 0.0531467 -0.0273895 -0.177992 -0.152235
1485 0.00441086 0.0562655 -0.116338 -0.0556613
1490 -0.0340894 0.143127 -0.0513107 0.0577272
1495 -0.0536541 0.221594 0.0073462 0.175286
1500 -0.0499539 0.28606 0.0575803 0.293687
1505 -0.0268231 0.334825 0.10219 0.410192
1510 0.00204133 0.363261 0.145291 0.510594
1515 0.0217492 0.362609 0.189318 0.573676
1520 0.0235252 0.327722 0.231935 0.583182
1525 0.00531836 0.261637 0.265644 0.532599
1530 -0.0297901 0.172797 0.281042 0.424049
1535 -0.0751651 0.074044 0.27161 0.270489
1540 -0.124443 -0.0183018 0.235586 0.0928417
1545 -0.175359 -0.089828 0.176302 -0.0888848
1550 -0.224956 -0.13499 0.100552 -0.259394
1555 -0.263269 -0.157437 0.0146981 -0.406007
1560 -0.274716 -0.163114 -0.0737921 -0.511622
1565 -0.247773 -0.157059 -0.154008 -0.55884
1570 -0.183827 -0.144043 -0.214671 -0.542541
1575 -0.0964632 -0.131349 -0.247124 -0.474936
1580 -0.00449587 -0.129834 -0.247989 -0.382319
1585 0.0756866 -0.146312 -0.2236 -0.294225
1590 0.135258 -0.175204 -0.188959 -0.228905
1595 0.172921 -0.203022 -0.159688 -0.189789
1600 0.189872 -0.219498 -0.143772 -0.173398
1605 0.186169 -0.219753 -0.13664 -0.170224
1610 0.16127 -0.19972 -0.126599 -0.165049
1615 0.118016 -0.156303 -0.105054 -0.143341
1620 0.064817 -0.0926808 -0.0702824 -0.0981462
1625 0.0115325 -0.018795 -0.0277133 -0.0349757
1630 -0.0342037 0.050979 0.0105337 0.027309
1635 -0.0697838 0.100964 0.0301838 0.0613639
1640 -0.0974571 0.123383 0.0214964 0.0474227
1645 -0.11874 0.123758 -0.0179681 -0.0129501
1650 -0.130027 0.112529 -0.0818544 -0.0993529
1655 -0.127843 0.096903 -0.154058 -0.184998
1660 -0.116217 0.0824901 -0.214197 -0.247923
1665 -0.101594 0.0764973 -0.245397 -0.270493
1670 -0.0840174 0.0834396 -0.23896 -0.239537
1675 -0.0588195 0.0999571 -0.195972 -0.154834
1680 -0.0254074 0.118066 -0.125998 -0.0333397
1685 0.00782624 0.131554 -0.0421304 0.0972501
1690 0.026725 0.13718 0.0435833 0.207488
1695 0.0224734 0.131895 0.12138 0.275749
1700 -0.00120812 0.115033 0.185918 0.299744
1705 -0.0336449 0.0896709 0.235119 0.291145
1710 -0.0683044 0.0584239 0.2655 0.25562
1715 -0.102188 0.0204177 0.273158 0.191388
1720 -0.13017 -0.0268181 0.257061 0.100073
1725 -0.148481 -0.0814635 0.218783 -0.0111621
1730 -0.155743 -0.13324 0.163003 -0.12598
1735 -0.147906 -0.166422 0.0982197 -0.216108
1740 -0.118053 -0.171555 0.034899 -0.254709
1745 -0.0632958 -0.153928 -0.0188037 -0.236027
1750 0.00925116 -0.128494 -0.0582235 -0.177466
1755 0.0834897 -0.107301 -0.0813254 -0.105137
1760 0.143071 -0.0928584 -0.0890007 -0.0387878
1765 0.179873 -0.082236 -0.0855156 0.0121219
1770 0.194022 -0.0757276 -0.0774113 0.040883
1775 0.187487 -0.0780024 -0.0715276 0.0379569
1780 0.16389 -0.0903965 -0.0722144 0.0012794
1785 0.132488 -0.103628 -0.080546 -0.0516859
1790 0.105472 -0.100714 -0.0959859 -0.091228
1795 0.0874577 -0.06956 -0.114144 -0.0962466
1800 0.0736821 -0.0116749 -0.124981 -0.0629741
1805 0.0581524 0.0571435 -0.118755 -0.00345953
1810 0.0395445 0.114692 -0.093536 0.0607005
1815 0.0193927 0.144319 -0.055831 0.10788
1820 -0.000839952 0.141476 -0.0147036 0.125932
1825 -0.0203637 0.110361 0.0228532 0.112851
1830 -0.0366868 0.0574021 0.0535021 0.0742173
1835 -0.0435701 -0.00757634 0.0763035 0.0251571
1840 -0.0356248 -0.0688812 0.0894451 -0.0150608
1845 -0.0111917 -0.108583 0.0899572 -0.0298172
1850 0.03108 -0.116962 0.0761425 -0.00974
1855 0.0918699 -0.0959199 0.0512513 0.0472013
1860 0.167731 -0.0535549 0.0235894 0.137766
1865 0.249288 0.00213359 0.00180584 0.253227
1870 0.319869 0.0618587 -0.00979342 0.371934
1875 0.359046 0.11399 -0.00996329 0.463072
1880 0.356038 0.146454 6.50456e-05 0.502557
1885 0.314669 0.151049 0.0162099 0.481928
1890 0.243688 0.130694 0.0342114 0.408594
1895 0.150159 0.0988784 0.0530863 0.302124
1900 0.0417809 0.0687655 0.0722006 0.182747
1905 -0.0711801 0.0468366 0.0861565 0.061813
1910 -0.178294 0.0323293 0.0852806 -0.0606846
1915 -0.269682 0.0174263 0.0648798 -0.187376
1920 -0.335173 -0.00708217 0.0320116 -0.310243
1925 -0.36601 -0.0437971 -0.000411856 -0.410219
1930 -0.357718 -0.0884123 -0.0231197 -0.46925
1935 -0.312023 -0.134095 -0.0335307 -0.479649
1940 -0.235712 -0.171265 -0.0327695 -0.439747
1945 -0.139241 -0.185791 -0.0250429 -0.350075
1950 -0.0366023 -0.167656 -0.0168987 -0.221157
1955 0.0570049 -0.119502 -0.0122386 -0.074736
1960 0.12649 -0.0538872 -0.00946924 0.0631336
1965 0.160342 0.0132393 -0.00617949 0.167402
1970 0.156386 0.0639759 -0.00329313 0.217069
1975 0.123641 0.0814179 -0.0029472 0.202111
1980 0.0785493 0.0567345 -0.00681847 0.128465
1985 0.0373486 -0.0057798 -0.0136455 0.0179234
1990 0.00862548 -0.089131 -0.0186656 -0.0991711
1995 -0.00711006 -0.171695 -0.018282 -0.197087
2000 -0.0109425 -0.238103 -0.0130484 -0.262094
2005 -0.00310543 -0.280219 -0.00612078 -0.289446
2010 0.012967 -0.292577 -0.00130819 -0.280918
2015 0.0278879 -0.273454 0.000745688 -0.244821
2020 0.031441 -0.225888 0.00524196 -0.189205
2025 0.0220632 -0.155302 0.0163856 -0.116853
2030 0.00594391 -0.0713486 0.0298404 -0.0355643
2035 -0.0121409 0.0114195 0.0386853 0.0379639
2040 -0.0303169 0.0785511 0.0435428 0.091777
2045 -0.0441859 0.122537 0.0534652 0.131817
2050 -0.0465987 0.145113 0.0764465 0.174961
2055 -0.0338038 0.150929 0.112626 0.229751
2060 -0.00941731 0.141026 0.15376 0.285368
2065 0.0156478 0.115666 0.187115 0.318429
2070 0.0298641 0.0799776 0.203307 0.313149
2075 0.0311289 0.0433551 0.200951 0.275435
2080 0.0253685 0.0174198 0.183426 0.226214
2085 0.0159217 0.0143323 0.152029 0.182283
2090 0.000544992 0.0403445 0.105712 0.146601
2095 -0.0232525 0.0900757 0.0473055 0.114129
2100 -0.0539665 0.14903 -0.0148119 0.0802513
2105 -0.0861199 0.2015 -0.0689365 0.046444
2110 -0.114334 0.234871 -0.104553 0.0159836
2115 -0.135825 0.239753 -0.1185 -0.0145721
2120 -0.147296 0.211432 -0.113666 -0.0495304
2125 -0.14547 0.151874 -0.0918601 -0.0854558
2130 -0.130358 0.0696997 -0.0531168 -0.113775
2135 -0.105696 -0.0233137 -0.00118819 -0.130198
2140 -0.0779831 -0.114443 0.055832 -0.136594
2145 -0.0522448 -0.190034 0.110143 -0.132136
2150 -0.0301767 -0.239952 0.154089 -0.116039
2155 -0.013222 -0.260939 0.175796 -0.0983652
2160 -0.00094625 -0.253404 0.161923 -0.0924275
2165 0.0114655 -0.220222 0.109247 -0.0995094
2170 0.0300477 -0.168759 0.0277306 -0.11098
2175 0.0568303 -0.110048 -0.0684932 -0.121711
2180 0.0890444 -0.0554472 -0.166806 -0.133209
2185 0.122947 -0.00950541 -0.253583 -0.140142
2190 0.157221 0.0288369 -0.313418 -0.12736
2195 0.193801 0.0589728 -0.334505 -0.0817312
2200 0.231952 0.0766754 -0.314873 -0.00624642
2205 0.263472 0.0777159 -0.264014 0.0771742
2210 0.275682 0.0639258 -0.195972 0.143635
2215 0.258951 0.0446883 -0.122433 0.181206
2220 0.211657 0.0331611 -0.0513511 0.193467
2225 0.139823 0.0386937 0.0090453 0.187562
2230 0.0516296 0.0612777 0.0495031 0.16241
2235 -0.0455266 0.0926824 0.0674505 0.114606
2240 -0.140385 0.122452 0.0686506 0.0507182
2245 -0.217706 0.143856 0.0617462 -0.0121038
2250 -0.264975 0.154767 0.0560555 -0.0541517
2255 -0.278458 0.155804 0.0587324 -0.0639221
2260 -0.262867 0.149683 0.0696129 -0.0435708
2265 -0.225729 0.13995 0.081902 -0.00387727
2270 -0.176587 0.126251 0.0879362 0.0376001
2275 -0.125599 0.106192 0.0842947 0.0648874
2280 -0.080582 0.0823153 0.0721067 0.07384
2285 -0.0462528 0.0605355 0.0553041 0.0695869
2290 -0.0253657 0.0430087 0.0386923 0.0563352
2295 -0.0195179 0.0274651 0.0251842 0.0331314
2300 -0.0280148 0.0136633 0.0137221 -0.000629464
2305 -0.0458057 0.00415226 0.00340237 -0.0382511
2310 -0.062669 -0.00026375 -0.00429414 -0.0672269
2315 -0.0664876 0.00187636 -0.00940211 -0.0740133
2320 -0.0483487 0.0154041 -0.013756 -0.0467005
2325 -0.00640232 0.0436888 -0.0186036 0.0186828
2330 0.0521724 0.0862471 -0.0254646 0.112955
2335 0.114922 0.137625 -0.0381717 0.214375
2340 0.170195 0.18804 -0.0593926 0.298843
2345 0.210171 0.226704 -0.0834509 0.353424
2350 0.228116 0.246431 -0.0986217 0.375925
2355 0.216057 0.245255 -0.0981268 0.363186
2360 0.171716 0.220996 -0.0859879 0.306724
2365 0.105056 0.168044 -0.074073 0.199026
2370 0.0349214 0.0829173 -0.0728935 0.0449452
2375 -0.0247191 -0.0303615 -0.0843349 -0.139416
2380 -0.0731508 -0.161428 -0.102167 -0.336746
2385 -0.112734 -0.295243 -0.116308 -0.524286
2390 -0.136282 -0.414058 -0.118239 -0.668578
2395 -0.134788 -0.500157 -0.106198 -0.741143
2400 -0.10993 -0.537208 -0.0844997 -0.731638
2405 -0.0716864 -0.512965 -0.059689 -0.64434
2410 -0.0288218 -0.427028 -0.0383202 -0.49417
2415 0.0144531 -0.294539 -0.0229158 -0.303002
2420 0.0531787 -0.141925 -0.00953294 -0.0982789
2425 0.0775384 -0.000555144 0.00858836 0.0855716
2430 0.0789205 0.105056 0.0339242 0.2179
2435 0.0596983 0.166569 0.0605584 0.286826
2440 0.0340139 0.185861 0.0808947 0.300769
2445 0.0186059 0.166905 0.0959558 0.281467
2450 0.0223901 0.11805 0.111375 0.251815
2455 0.0429604 0.056159 0.124526 0.223646
2460 0.0703537 0.000106768 0.123577 0.194037
2465 0.0933072 -0.0405558 0.101406 0.154157
2470 0.106518 -0.0674763 0.0683438 0.107385
2475 0.111649 -0.0855594 0.0434143 0.0695036
2480 0.110871 -0.0971776 0.0352855 0.048979
2485 0.102937 -0.101932 0.0411185 0.0421231
2490 0.0888459 -0.100732 0.0586693 0.0467828
2495 0.0735568 -0.0972159 0.0906055 0.0669464
2500 0.0599788 -0.0939064 0.135058 0.101131
2505 0.0462 -0.0891288 0.178756 0.135827
2510 0.029925 -0.0797527 0.203475 0.153648
2515 0.0128125 -0.0661415 0.194821 0.141492
2520 -0.00164474 -0.052492 0.146065 0.0919281
2525 -0.0141654 -0.0404518 0.0602437 0.00562653
2530 -0.0287926 -0.0275437 -0.0469424 -0.103279
2535 -0.0448851 -0.011528 -0.149056 -0.205469
2540 -0.0559938 0.00543206 -0.22282 -0.273381
2545 -0.0548252 0.0170526 -0.259684 -0.297457
2550 -0.0372669 0.0199972 -0.261171 -0.278441
2555 -0.00661872 0.0177923 -0.231089 -0.219916
2560 0.0262011 0.018638 -0.175234 -0.130395
2565 0.049705 0.0290895 -0.105025 -0.0262308
2570 0.0581843 0.0487958 -0.0385059 0.0684743
2575 0.0498573 0.0699726 0.00722164 0.127051
2580 0.0231346 0.0812222 0.0224368 0.126794
2585 -0.021012 0.0744878 0.00591424 0.0593901
2590 -0.0759385 0.051807 -0.0354423 -0.0595738
2595 -0.131496 0.0249378 -0.0877924 -0.194351
2600 -0.177421 0.00627748 -0.134391 -0.305535
2605 -0.207 0.00230148 -0.159612 -0.36431
2610 -0.215423 0.0144984 -0.151142 -0.352067
2615 -0.196085 0.0426328 -0.105405 -0.258857
2620 -0.144383 0.0859439 -0.0321011 -0.0905398
2625 -0.0663387 0.143904 0.0505353 0.1281
2630 0.0191506 0.21453 0.1248 0.35848
2635 0.0876623 0.28985 0.178998 0.55651
2640 0.12274 0.356279 0.207067 0.686085
2645 0.123761 0.399301 0.205511 0.728573
2650 0.0983266 0.40524 0.174083 0.67765
2655 0.0524392 0.365788 0.117989 0.536216
2660 -0.00951626 0.284017 0.0478429 0.322344
2665 -0.078909 0.174492 -0.0245756 0.0710074
2670 -0.142667 0.0588468 -0.0902463 -0.174066
2675 -0.189555 -0.0422244 -0.141553 -0.373332
2680 -0.213883 -0.114481 -0.169845 -0.498209
2685 -0.214742 -0.151513 -0.170454 -0.536709
2690 -0.19458 -0.155662 -0.145528 -0.495771
2695 -0.155139 -0.136783 -0.101234 -0.393156
2700 -0.098215 -0.105727 -0.045545 -0.249487
2705 -0.0304747 -0.0683288 0.0106351 -0.0881684
2710 0.0352591 -0.0270269 0.0551437 0.0633759
2715 0.081875 0.0130729 0.0816155 0.176563
2720 0.0972235 0.0439144 0.0924722 0.23361
2725 0.0821894 0.0590246 0.0950483 0.236262
2730 0.0454988 0.0580042 0.0964562 0.199959
2735 -0.00235905 0.046281 0.0980307 0.141953
2740 -0.0516797 0.0288783 0.0936712 0.0708698
2745 -0.0938737 0.00473936 0.0728096 -0.0163247
2750 -0.116785 -0.0298419 0.0304606 -0.116167
2755 -0.106991 -0.0730133 -0.0246788 -0.204683
2760 -0.0640218 -0.118769 -0.0782568 -0.261048
2765 -0.00531286 -0.162054 -0.120405 -0.287772
2770 0.0489901 -0.197317 -0.145756 -0.294084
2775 0.0924329 -0.218001 -0.149555 -0.275124
2780 0.130738 -0.220136 -0.127292 -0.21669
2785 0.170567 -0.204496 -0.0781153 -0.112045
2790 0.212327 -0.175425 -0.00927591 0.0276255
2795 0.249605 -0.137347 0.0650473 0.177306
2800 0.273833 -0.0921952 0.1288 0.310438
2805 0.281252 -0.0430703 0.167908 0.40609
2810 0.275393 0.00381771 0.173641 0.452853
2815 0.260691 0.0409469 0.144433 0.446071
2820 0.235754 0.0604999 0.0847964 0.38105
2825 0.196105 0.057748 0.00260476 0.256458
2830 0.143482 0.0354603 -0.0895035 0.0894391
2835 0.0875438 0.00379529 -0.176588 -0.0852489
2840 0.0383054 -0.0253467 -0.246281 -0.233322
2845 -0.00333013 -0.0445502 -0.289345 -0.337226
2850 -0.0457174 -0.0512378 -0.298838 -0.395793
2855 -0.0962994 -0.0468838 -0.271546 -0.414729
2860 -0.151351 -0.0357123 -0.208342 -0.395405
2865 -0.196582 -0.0211016 -0.113526 -0.33121
2870 -0.21983 -0.00489541 0.00164939 -0.223076
2875 -0.22347 0.00983368 0.115892 -0.097744
2880 -0.219132 0.0181926 0.206821 0.00588095
2885 -0.211575 0.0144074 0.262518 0.0653501
2890 -0.192888 -0.00740013 0.281734 0.0814454
2895 -0.151548 -0.0507563 0.266987 0.0646825
2900 -0.0842089 -0.111905 0.217631 0.0215171
2905 0.000144538 -0.177349 0.132143 -0.045061
2910 0.0857781 -0.231523 0.0199047 -0.12584
2915 0.158567 -0.266787 -0.0944758 -0.202697
2920 0.208031 -0.282662 -0.184728 -0.259359
2925 0.224367 -0.276675 -0.237042 -0.289351
2930 0.200408 -0.243085 -0.250285 -0.292962
2935 0.139766 -0.180342 -0.230168 -0.270744
2940 0.0581769 -0.0954378 -0.185679 -0.22294
2945 -0.0275843 -0.000580984 -0.12527 -0.153435
2950 -0.10702 0.0930408 -0.0544248 -0.0684036
2955 -0.172708 0.175919 0.0219326 0.0251428
2960 -0.217144 0.23891 0.0953519 0.117118
2965 -0.234229 0.275754 0.152527 0.194053
2970 -0.220464 0.286474 0.182562 0.248572
2975 -0.174695 0.274621 0.185919 0.285845
2980 -0.0982572 0.241342 0.174275 0.31736
2985 0.00305904 0.18573 0.162368 0.351157
2990 0.116336 0.113818 0.157588 0.387742
2995 0.221788 0.0433441 0.155036 0.420169
3000 0.297641 -0.00496174 0.144684 0.437364
3005 0.327765 -0.0197203 0.121551 0.429595
3010 0.307688 -0.00204369 0.0874313 0.393076
3015 0.244772 0.0392432 0.046483 0.330499
3020 0.154159 0.0920168 0.00190962 0.248085
3025 0.0558862 0.139909 -0.0431283 0.152667
3030 -0.0300745 0.165476 -0.0834674 0.0519345
3035 -0.0913844 0.161311 -0.112463 -0.042536
3040 -0.126191 0.13305 -0.123831 -0.116972
3045 -0.138313 0.0899851 -0.115905 -0.164234
3050 -0.133983 0.0365025 -0.0924223 -0.189903
3055 -0.121521 -0.0236159 -0.0594222 -0.204559
3060 -0.107548 -0.0803735 -0.0224667 -0.210388
3065 -0.094267 -0.119914 0.0155834 -0.198598
3070 -0.0836207 -0.131202 0.0521864 -0.162636
3075 -0.0783745 -0.112449 0.0818284 -0.108995
3080 -0.0775597 -0.0709924 0.0969383 -0.0516138
3085 -0.0743525 -0.0159761 0.0915288 0.00120019
3090 -0.0591 0.0437545 0.0641132 0.0487677
3095 -0.0245542 0.097761 0.0198406 0.0930474
3100 0.0305243 0.135607 -0.0293498 0.136781
3105 0.0997427 0.148355 -0.0689471 0.179151
3110 0.170249 0.130777 -0.0907538 0.210271
3115 0.230394 0.0842148 -0.097502 0.217107
3120 0.272793 0.0146871 -0.0954107 0.192069
3125 0.291814 -0.0669789 -0.08844 0.136395
3130 0.284263 -0.145264 -0.0803115 0.0586874
3135 0.249253 -0.204068 -0.0727685 -0.0275831
3140 0.188526 -0.233444 -0.0641418 -0.10906
3145 0.108995 -0.232194 -0.0530155 -0.176215
3150 0.0222975 -0.202658 -0.038556 -0.218917
3155 -0.0588469 -0.146174 -0.0209775 -0.225998
3160 -0.125405 -0.0666142 -0.00291869 -0.194938
3165 -0.172813 0.0247995 0.0131751 -0.134839
3170 -0.197366 0.111552 0.0258507 -0.0599638
3175 -0.195785 0.177571 0.0328803 0.0146666
3180 -0.169442 0.215075 0.0325757 0.0782087
3185 -0.126746 0.225665 0.0258895 0.124809
3190 -0.0821414 0.212289 0.0191697 0.149318
3195 -0.0509372 0.176872 0.0201551 0.14609
3200 -0.0407477 0.123312 0.0274335 0.109998
3205 -0.0484766 0.0578637 0.0300061 0.0393931
3210 -0.0666859 -0.0123273 0.0207272 -0.0582859
3215 -0.0911149 -0.0802037 0.00392304 -0.167396
3220 -0.120448 -0.137792 -0.0103937 -0.268634
3225 -0.152076 -0.175317 -0.0143046 -0.341697
3230 -0.179134 -0.182506 -0.00543226 -0.367073
3235 -0.191364 -0.15357 0.0143745 -0.330559
3240 -0.179713 -0.0906586 0.0431548 -0.227217
3245 -0.140317 -0.00235882 0.0798722 -0.0628033
3250 -0.0751999 0.101612 0.119434 0.145845
3255 0.00570038 0.213377 0.150956 0.370033
3260 0.084713 0.323996 0.164307 0.573016
3265 0.143725 0.417421 0.155582 0.716728
3270 0.17307 0.473976 0.126682 0.773729
3275 0.174503 0.480614 0.0821753 0.737292
3280 0.156805 0.433691 0.0265897 0.617086
3285 0.126881 0.335182 -0.0347563 0.427307
3290 0.0855511 0.192224 -0.0928323 0.184943
3295 0.0337953 0.0195152 -0.135792 -0.0824812
3300 -0.0198959 -0.161511 -0.155331 -0.336738
3305 -0.0613072 -0.327484 -0.149601 -0.538392
3310 -0.0785367 -0.459002 -0.12261 -0.660148
3315 -0.0694858 -0.542251 -0.0804205 -0.692158
3320 -0.0408273 -0.568827 -0.0259867 -0.635641
3325 -0.000807849 -0.539584 0.0385487 -0.501843
3330 0.0458289 -0.464935 0.105728 -0.313378
3335 0.0951197 -0.360655 0.160614 -0.104922
3340 0.14032 -0.245183 0.187181 0.0823174
3345 0.173686 -0.135455 0.178708 0.216939
3350 0.192061 -0.0410411 0.142222 0.293242
3355 0.196364 0.0370039 0.093971 0.327339
3360 0.185977 0.102268 0.0497772 0.338022
3365 0.155797 0.158537 0.0186524 0.332987
3370 0.0996283 0.20605 0.0018627 0.307541
3375 0.0157295 0.24107 -0.0048929 0.251907
3380 -0.088221 0.257309 -0.00685219 0.162236
3385 -0.196211 0.251749 -0.0076451 0.0478935
3390 -0.291087 0.230153 -0.00958603 -0.07052
3395 -0.359937 0.203859 -0.0149617 -0.17104
3400 -0.397419 0.178426 -0.0244418 -0.243434
3405 -0.405116 0.148805 -0.0366094 -0.292921
3410 -0.386144 0.105818 -0.0510457 -0.331372
3415 -0.343668 0.0442762 -0.0705843 -0.369976
3420 -0.284344 -0.0332246 -0.0998154 -0.417384
3425 -0.21844 -0.117323 -0.140723 -0.476486
3430 -0.156153 -0.197912 -0.188912 -0.542977
3435 -0.10341 -0.265271 -0.234297 -0.602978
3440 -0.0592459 -0.307037 -0.266274 -0.632557
3445 -0.0187677 -0.307807 -0.277412 -0.603986
3450 0.0220741 -0.256062 -0.263027 -0.497015
3455 0.0650083 -0.152048 -0.222031 -0.309071
3460 0.107671 -0.0132167 -0.158181 -0.0637265
3465 0.146416 0.133136 -0.0807603 0.198792
3470 0.180988 0.26343 -0.00534519 0.439073
3475 0.211403 0.360821 0.0515937 0.623817
3480 0.238123 0.412032 0.0839176 0.734072
3485 0.26208 0.408041 0.0979679 0.768089
3490 0.276866 0.35068 0.104177 0.731723
3495 0.26924 0.253226 0.105978 0.628444
3500 0.232833 0.134707 0.100316 0.467856
3505 0.174088 0.0143275 0.0872117 0.275627
3510 0.106167 -0.0940669 0.0722002 0.0843001
3515 0.0418102 -0.182719 0.0628618 -0.0780474
3520 -0.0108719 -0.245869 0.063699 -0.193041
3525 -0.0489271 -0.27799 0.0734127 -0.253504
3530 -0.0729228 -0.276529 0.0889714 -0.260481
3535 -0.0850434 -0.24379 0.109579 -0.219254
3540 -0.0889422 -0.188319 0.134421 -0.14284
3545 -0.0921041 -0.124142 0.153951 -0.0622952
3550 -0.101141 -0.0680595 0.149393 -0.0198068
3555 -0.114947 -0.0334633 0.106696 -0.0417143
3560 -0.126189 -0.0263753 0.029152 -0.123413
3565 -0.127981 -0.0445204 -0.0633141 -0.235815
3570 -0.120881 -0.0793677 -0.143606 -0.343854
3575 -0.11325 -0.117594 -0.187616 -0.41846
3580 -0.111687 -0.143251 -0.185594 -0.440531
3585 -0.116372 -0.142916 -0.147712 -0.407001
3590 -0.12196 -0.112817 -0.0935283 -0.328305
3595 -0.122953 -0.0597315 -0.0391445 -0.221829
3600 -0.117458 0.00656311 0.00652987 -0.104365
3605 -0.10414 0.0758588 0.0391102 0.0108289
3610 -0.0805895 0.136403 0.0575263 0.11334
3615 -0.0468422 0.178607 0.0647444 0.196509
3620 -0.00731618 0.198374 0.0674941 0.258551
3625 0.0327928 0.195002 0.0736324 0.301427
3630 0.0706708 0.167592 0.0885451 0.326808
3635 0.106011 0.116133 0.110951 0.333095
3640 0.136799 0.0459249 0.131772 0.314496
3645 0.156509 -0.0297027 0.1419 0.268706
3650 0.157135 -0.0926507 0.137816 0.2023
3655 0.135843 -0.129434 0.12005 0.126459
3660 0.09711 -0.137685 0.0927893 0.0522141
3665 0.0485764 -0.123153 0.0625677 -0.012009
3670 -0.0026427 -0.0923436 0.0325344 -0.0624519
3675 -0.0496133 -0.0509592 -0.000448462 -0.101021
3680 -0.0834235 -0.00745601 -0.0396759 -0.130555
3685 -0.0960167 0.0290937 -0.0823294 -0.149252
3690 -0.0858639 0.0548721 -0.122326 -0.153318
3695 -0.0587527 0.0706317 -0.154729 -0.14285
3700 -0.0230905 0.0782752 -0.17647 -0.121285
3705 0.0161542 0.0769603 -0.186943 -0.0938289
3710 0.0582613 0.0634003 -0.186245 -0.0645829
3715 0.0995635 0.0384131 -0.171045 -0.033068
3720 0.129424 0.00987933 -0.136602 0.00270188
3725 0.136592 -0.0129678 -0.0810392 0.0425846
3730 0.118271 -0.0254313 -0.00637517 0.0864642
3735 0.0819426 -0.0261959 0.0806004 0.136347
3740 0.0396409 -0.0172014 0.169027 0.191466
3745 0.00316941 -0.00532143 0.250577 0.248425
3750 -0.0163818 0.00156417 0.32047 0.305653
3755 -0.0117673 0.000987817 0.369658 0.358879
3760 0.0150646 -0.00142988 0.384132 0.397766
3765 0.0530479 0.00335275 0.352409 0.408809
3770 0.0898807 0.0200613 0.274849 0.384791
3775 0.116474 0.0473935 0.164802 0.32867
3780 0.127134 0.0802511 0.0404342 0.247819
3785 0.12084 0.110991 -0.079653 0.152178
3790 0.101144 0.13014 -0.176938 0.0543453
3795 0.0737679 0.128762 -0.238536 -0.036006
3800 0.0448041 0.104057 -0.263591 -0.11473
3805 0.0207605 0.0608937 -0.26087 -0.179216
3810 0.00551245 0.007096 -0.240414 -0.227805
3815 -0.00304896 -0.0490448 -0.208829 -0.260922
3820 -0.00718995 -0.0977315 -0.169546 -0.274467
3825 -0.00662068 -0.130309 -0.124332 -0.261262
3830 -0.00196895 -0.143661 -0.0762941 -0.221924
3835 0.00272121 -0.140867 -0.0323955 -0.170541
3840 0.000973772 -0.127829 0.00105855 -0.125796
3845 -0.010733 -0.107827 0.0219422 -0.0966177
3850 -0.0283497 -0.0821177 0.0312906 -0.0791768
3855 -0.0437669 -0.05284 0.0335646 -0.0630423
3860 -0.0516325 -0.0236123 0.0350731 -0.0401718
3865 -0.0505811 -0.000955254 0.03871 -0.0128263
3870 -0.0436572 0.00696765 0.0407827 0.00409313
3875 -0.0376343 -0.0048692 0.0357392 -0.00676433
3880 -0.038623 -0.0343156 0.0226404 -0.0502983
3885 -0.0486721 -0.0701141 0.00495586 -0.11383
3890 -0.0679801 -0.096657 -0.0147039 -0.179341
3895 -0.0955089 -0.10291 -0.0374041 -0.235823
3900 -0.125549 -0.0854076 -0.064551 -0.275508
3905 -0.149269 -0.0463276 -0.0947212 -0.290318
3910 -0.158885 0.00936567 -0.123527 -0.273046
3915 -0.150069 0.0752438 -0.144457 -0.219282
3920 -0.122167 0.138189 -0.149719 -0.133697
3925 -0.0773379 0.179173 -0.132104 -0.0302683
3930 -0.0211491 0.184766 -0.0876879 0.0759286
3935 0.0375761 0.154211 -0.0194401 0.172347
3940 0.0897794 0.0997428 0.0630131 0.252535
3945 0.1279 0.042787 0.147116 0.317804
3950 0.147523 0.00349684 0.219869 0.370889
3955 0.148241 -0.00745872 0.267282 0.408065
3960 0.13401 0.0104164 0.275284 0.419711
3965 0.112228 0.048864 0.236665 0.397757
3970 0.0900004 0.0960181 0.15777 0.343788
3975 0.0706379 0.142508 0.0535158 0.266661
3980 0.0531749 0.183461 -0.0586347 0.178002
3985 0.0347959 0.215254 -0.158686 0.091364
3990 0.0149797 0.231359 -0.226655 0.0196835
3995 -0.00471531 0.222571 -0.247636 -0.0297807
4000 -0.023179 0.182566 -0.217075 -0.0576872
4005 -0.0403536 0.114771 -0.144145 -0.0697276
4010 -0.0601893 0.0339363 -0.0498602 -0.0761132
4015 -0.0902068 -0.0413424 0.0403062 -0.0912429
4020 -0.133647 -0.0988438 0.106114 -0.126378
4025 -0.183428 -0.135995 0.139146 -0.180277
4030 -0.223536 -0.155883 0.142413 -0.237005
4035 -0.238595 -0.161683 0.123158 -0.277121
4040 -0.22398 -0.154114 0.0886156 -0.289478
4045 -0.186127 -0.135289 0.044546 -0.27687
4050 -0.138213 -0.112422 -0.00420321 -0.254838
4055 -0.0923644 -0.0960484 -0.0484426 -0.236855
4060 -0.0541379 -0.0912645 -0.0779704 -0.223373
4065 -0.0251196 -0.0933244 -0.0907133 -0.209157
4070 -0.00385024 -0.0951138 -0.0892813 -0.188245
4075 0.013195 -0.095181 -0.0744083 -0.156394
4080 0.0274523 -0.095391 -0.0473597 -0.115298
4085 0.0397319 -0.0931478 -0.0137971 -0.0672129
4090 0.0545031 -0.0807591 0.0161629 -0.0100931
4095 0.0767114 -0.0548364 0.0328229 0.054698
4100 0.106318 -0.0233059 0.0339716 0.116983
4105 0.137183 0.0020952 0.0255974 0.164876
4110 0.162074 0.0163424 0.016322 0.194738
4115 0.177211 0.0231033 0.0139437 0.214258
4120 0.18014 0.0325743 0.0238961 0.23661
4125 0.168635 0.0539943 0.0467434 0.269373
4130 0.143195 0.0854959 0.0799735 0.308665
4135 0.107453 0.116221 0.122247 0.345921
4140 0.067669 0.136284 0.170159 0.374112
4145 0.0298757 0.142237 0.212007 0.38412
4150 -0.001645 0.132495 0.232022 0.362873
4155 -0.0229844 0.10209 0.221953 0.301059
4160 -0.0322412 0.0462548 0.183921 0.197935
4165 -0.0301843 -0.03268 0.123165 0.0603007
4170 -0.0172947 -0.124166 0.0432386 -0.0982226
4175 0.00531902 -0.213104 -0.0486186 -0.256403
4180 0.0311818 -0.285754 -0.136071 -0.390643
4185 0.0504573 -0.332142 -0.200346 -0.48203
4190 0.0568269 -0.34891 -0.23199 -0.524073
4195 0.0502201 -0.338185 -0.233755 -0.52172
4200 0.0355233 -0.304086 -0.213862 -0.482424
4205 0.0189407 -0.253695 -0.178451 -0.413206
4210 0.00162958 -0.198741 -0.13074 -0.327852
4215 -0.019055 -0.148233 -0.0731453 -0.240433
4220 -0.0423883 -0.104175 -0.0122811 -0.158844
4225 -0.0615593 -0.0661928 0.0384697 -0.0892824
4230 -0.0680677 -0.0345827 0.0672343 -0.0354162
4235 -0.0589677 -0.0111053 0.0711526 0.00107962
4240 -0.0373637 0.00115667 0.056047 0.01984
4245 -0.00829917 0.00368292 0.030188 0.0255718
4250 0.0215193 0.00442656 -0.00194607 0.0239998
4255 0.045026 0.0137418 -0.0380373 0.0207306
4260 0.0592645 0.038182 -0.0734285 0.0240181
4265 0.0644452 0.0748388 -0.101992 0.0372924
4270 0.0607915 0.112774 -0.117844 0.0557217
4275 0.0504867 0.142212 -0.117421 0.0752781
4280 0.0373233 0.161752 -0.103096 0.0959792
4285 0.0236183 0.175366 -0.081735 0.117249
4290 0.0106884 0.181339 -0.0591388 0.132889
4295 -0.000319942 0.172588 -0.0404558 0.131812
4300 -0.00918015 0.145683 -0.0319196 0.104583
4305 -0.0150277 0.10403 -0.0361449 0.0528575
4310 -0.0152041 0.0557361 -0.0481388 -0.00760681
4315 -0.00655372 0.00856264 -0.0571976 -0.0551886
4320 0.0126823 -0.0343026 -0.0499786 -0.071599
4325 0.0401125 -0.0693114 -0.0142362 -0.0434351
4330 0.0680611 -0.0890759 0.0538216 0.0328067
4335 0.084548 -0.0875581 0.142789 0.139779
4340 0.0771938 -0.067142 0.230131 0.240183
4345 0.0409464 -0.038136 0.29096 0.293771
4350 -0.018149 -0.00966619 0.309797 0.281982
4355 -0.0901782 0.0170778 0.287998 0.214898
4360 -0.167051 0.0464162 0.24015 0.119515
4365 -0.238696 0.081414 0.182635 0.0253521
4370 -0.287942 0.117249 0.123113 -0.0475803
4375 -0.296327 0.141393 0.0604534 -0.0944808
4380 -0.255527 0.142975 -0.00403121 -0.116583
4385 -0.170094 0.122827 -0.0598027 -0.10707
4390 -0.0527789 0.0929275 -0.0964503 -0.0563018
4395 0.0811257 0.0682283 -0.114871 0.0344833
4400 0.216961 0.0562045 -0.123696 0.14947
4405 0.338704 0.0544332 -0.128296 0.264842
4410 0.42825 0.056504 -0.129266 0.355488
4415 0.471743 0.0568485 -0.12836 0.400232
4420 0.466942 0.051618 -0.129846 0.388714
4425 0.421803 0.0357983 -0.138501 0.3191
4430 0.348338 0.00591193 -0.157523 0.196727
4435 0.257509 -0.0350929 -0.181492 0.0409248
4440 0.157352 -0.0777018 -0.194751 -0.115101
4445 0.0561614 -0.109744 -0.182905 -0.236487
4450 -0.0340036 -0.122382 -0.14335 -0.299735
4455 -0.100123 -0.113489 -0.0834263 -0.297039
4460 -0.13555 -0.0850493 -0.0123094 -0.232909
4465 -0.141791 -0.0406512 0.059792 -0.12265
4470 -0.123499 0.0140715 0.119576 0.0101485
4475 -0.0855613 0.0686732 0.153109 0.136221
4480 -0.0351002 0.106988 0.151671 0.223559
4485 0.0175744 0.114451 0.116146 0.248172
4490 0.0598588 0.0855624 0.0577415 0.203163
4495 0.0810429 0.0229471 -0.00305207 0.100938
4500 0.0776829 -0.0628165 -0.0432954 -0.028429
4505 0.05534 -0.152564 -0.0480722 -0.145296
4510 0.0249605 -0.224976 -0.0151842 -0.2152
4515 -0.00283031 -0.264177 0.0475799 -0.219427
4520 -0.021997 -0.263263 0.128161 -0.157099
4525 -0.031556 -0.223854 0.212665 -0.0427445
4530 -0.030786 -0.150643 0.286036 0.104606
4535 -0.0164625 -0.0479453 0.334857 0.270449
4540 0.0112256 0.0756897 0.351172 0.438088
4545 0.0433838 0.1977 0.335041 0.576124
4550 0.0657187 0.287119 0.294504 0.647342
4555 0.0641632 0.324694 0.242055 0.630913
4560 0.0299856 0.311829 0.188255 0.530069
4565 -0.0360166 0.263507 0.136327 0.363817
4570 -0.123592 0.19957 0.0835272 0.159505
4575 -0.215947 0.137529 0.0261927 -0.0522251
4580 -0.295499 0.0898746 -0.0368443 -0.242469
4585 -0.346857 0.0633362 -0.10238 -0.385901
4590 -0.358029 0.0580552 -0.164628 -0.464601
4595 -0.326449 0.0684516 -0.220271 -0.478268
4600 -0.264557 0.0855436 -0.267401 -0.446414
4605 -0.19616 0.0990709 -0.30069 -0.397779
4610 -0.142135 0.0990147 -0.308659 -0.35178
4615 -0.109321 0.0799066 -0.281853 -0.311267
4620 -0.0926406 0.0448817 -0.224704 -0.272463
4625 -0.0796441 0.000525341 -0.15703 -0.236149
4630 -0.0596587 -0.0488174 -0.10278 -0.211256
4635 -0.0333009 -0.101496 -0.0739693 -0.208766
4640 -0.00751988 -0.155157 -0.0677543 -0.230431
4645 0.0132808 -0.201396 -0.0758904 -0.264005
4650 0.027782 -0.227897 -0.0897065 -0.289822
4655 0.0345821 -0.2264 -0.100752 -0.29257
4660 0.0320903 -0.196994 -0.099918 -0.264822
4665 0.0216634 -0.149174 -0.0802986 -0.207809
4670 0.00982082 -0.0982572 -0.042715 -0.131151
4675 0.00628536 -0.0577604 0.00361701 -0.047858
4680 0.0176345 -0.0311653 0.0479325 0.0344016
4685 0.0410403 -0.0144001 0.0843947 0.111035
4690 0.0663865 -0.00299284 0.110722 0.174116
4695 0.0849341 0.0061958 0.123707 0.214837
4700 0.0921089 0.0164713 0.12074 0.22932
4705 0.0841394 0.0322915 0.103981 0.220412
4710 0.0596202 0.0593452 0.0800414 0.199007
4715 0.0221622 0.0993285 0.0558491 0.17734
4720 -0.0219016 0.14168 0.0339947 0.153773
4725 -0.0680365 0.164589 0.0118736 0.108426
4730 -0.114801 0.147835 -0.0150934 0.0179404
4735 -0.162426 0.0876488 -0.0513072 -0.126085
4740 -0.209132 5.62243e-06 -0.0955575 -0.304684
4745 -0.245686 -0.0925687 -0.138269 -0.476524
4750 -0.261174 -0.172324 -0.168689 -0.602187
4755 -0.252568 -0.226673 -0.181987 -0.661228
4760 -0.22387 -0.24667 -0.178155 -0.648694
4765 -0.176762 -0.227744 -0.15813 -0.562636
4770 -0.108943 -0.171158 -0.124205 -0.404306
4775 -0.020985 -0.0850438 -0.08124 -0.187269
4780 0.0770248 0.0140971 -0.033833 0.0572888
4785 0.168009 0.103938 0.0155298 0.287477
4790 0.237044 0.168367 0.0614655 0.466877
4795 0.275023 0.203866 0.0921741 0.571064
4800 0.27859 0.214872 0.0960133 0.589476
4805 0.252651 0.205589 0.0702315 0.528472
4810 0.205615 0.175943 0.0253836 0.406942
4815 0.142585 0.124895 -0.0175985 0.249881
4820 0.0698629 0.0541938 -0.0412877 0.082769
4825 0.00034688 -0.0308602 -0.0402907 -0.0708041
4830 -0.0488565 -0.12036 -0.0184909 -0.187708
4835 -0.0636818 -0.199536 0.018005 -0.245213
4840 -0.04188 -0.254105 0.0632479 -0.232737
4845 0.00358225 -0.274741 0.107506 -0.163653
4850 0.0536655 -0.256943 0.136205 -0.0670731
4855 0.0968047 -0.202917 0.135777 0.0296645
4860 0.131517 -0.122581 0.102603 0.11154
4865 0.157028 -0.0302179 0.0466566 0.173466
4870 0.168022 0.0563439 -0.0149713 0.209395
4875 0.161269 0.117186 -0.0669611 0.211493
4880 0.14041 0.141524 -0.0996266 0.182308
4885 0.113857 0.135063 -0.108339 0.14058
4890 0.0886109 0.111538 -0.0935192 0.10663
4895 0.0641094 0.0817263 -0.0597836 0.086052
4900 0.0364451 0.0499371 -0.0127869 0.0735953
4905 0.00742297 0.016814 0.0418801 0.0661171
4910 -0.0163936 -0.0167342 0.0967004 0.0635726
4915 -0.03276 -0.0470973 0.141546 0.0616884
4920 -0.0458599 -0.0690572 0.167057 0.0521401
4925 -0.0592318 -0.0790219 0.16951 0.0312562
4930 -0.071965 -0.0781031 0.152977 0.00290883
4935 -0.0828276 -0.0715541 0.12693 -0.027452
4940 -0.0918365 -0.0654298 0.099588 -0.0576784
4945 -0.0971013 -0.061358 0.074183 -0.0842764
4950 -0.0941582 -0.0530458 0.0502681 -0.0969359
4955 -0.0795336 -0.033567 0.0275959 -0.0855047
4960 -0.0534601 -0.00375382 0.00804477 -0.0491692
4965 -0.0201152 0.0287471 -0.00660011 0.00203177
4970 0.0114014 0.0543068 -0.0163993 0.0493089
4975 0.02909 0.0687232 -0.0233109 0.0745022
4980 0.0263721 0.0742554 -0.0290202 0.0716073
4985 0.00890277 0.0763211 -0.033213 0.0520109
4990 -0.0118607 0.0819712 -0.0357233 0.0343872
4995 -0.0309379 0.094624 -0.0385217 0.0251645
5000 -0.0492347 0.111861 -0.0425364 0.0200895
5005 -0.0642938 0.127309 -0.0433917 0.0196236
5010 -0.0700393 0.130192 -0.0335942 0.0265586
5015 -0.064935 0.108829 -0.0112454 0.0326487
5020 -0.0549189 0.0593628 0.0180751 0.0225191
5025 -0.0467679 -0.00944012 0.0480809 -0.00812711
5030 -0.043099 -0.0816439 0.0757366 -0.0490063
5035 -0.0427901 -0.141366 0.100359 -0.0837971
5040 -0.0427097 -0.176782 0.119379 -0.100113
5045 -0.038035 -0.183294 0.126371 -0.0949581
5050 -0.0251743 -0.166672 0.117592 -0.0742548
5055 -0.00448374 -0.13804 0.0979403 -0.0445836
5060 0.0199636 -0.1049 0.0774933 -0.00744282
5065 0.0449703 -0.06673 0.0615105 0.0397509
5070 0.0701143 -0.0194777 0.0448555 0.0954921
5075 0.0966644 0.0340786 0.0189275 0.149671
5080 0.123285 0.0839474 -0.0180184 0.189214
5085 0.14544 0.122596 -0.0606598 0.207376
5090 0.160384 0.148867 -0.101094 0.208157
5095 0.167791 0.164089 -0.128916 0.202964
5100 0.165295 0.16831 -0.133922 0.199683
5105 0.147067 0.158942 -0.113149 0.19286
5110 0.108228 0.131937 -0.0739657 0.1662
5115 0.0506112 0.0842371 -0.0282637 0.106585
5120 -0.0168271 0.0176576 0.0156053 0.0164357
5125 -0.0825463 -0.057834 0.0537143 -0.0866659
5130 -0.135116 -0.127814 0.0819534 -0.180977
5135 -0.164067 -0.181055 0.0967063 -0.248415
5140 -0.163834 -0.212676 0.0980338 -0.278476
5145 -0.136957 -0.224235 0.0892159 -0.271976
5150 -0.0923936 -0.220218 0.0742202 -0.238392
5155 -0.0420651 -0.201887 0.0558414 -0.18811
5160 0.00195031 -0.168485 0.0366564 -0.129878
5165 0.0308477 -0.12245 0.0209185 -0.0706836
5170 0.041566 -0.070306 0.0128328 -0.0159071
5175 0.0356625 -0.019256 0.0136946 0.030101
5180 0.0140528 0.026495 0.0189906 0.0595384
5185 -0.0248809 0.065713 0.0200732 0.0609053
5190 -0.0800934 0.0980882 0.0113055 0.0293003
5195 -0.141464 0.124006 -0.0036638 -0.0211214
5200 -0.191546 0.142795 -0.0145589 -0.0633098
5205 -0.214934 0.150462 -0.0145966 -0.0790686
5210 -0.207642 0.143008 -0.00752643 -0.0721611
5215 -0.175449 0.122352 -0.00110808 -0.054205
5220 -0.125845 0.0980287 0.00380023 -0.0240162
5225 -0.0639425 0.0832328 0.0124504 0.0317407
5230 0.00639992 0.0851853 0.026887 0.118472
5235 0.0769633 0.099038 0.0414855 0.217487
5240 0.133002 0.11315 0.0494257 0.295578
5245 0.161998 0.119301 0.0481052 0.329404
5250 0.165426 0.116939 0.0386985 0.321064
5255 0.158122 0.107904 0.0250777 0.291104
5260 0.156622 0.0911964 0.012177 0.259995
5265 0.16688 0.0630568 0.00383845 0.233776
5270 0.181791 0.021483 0.000872115 0.204146
5275 0.190766 -0.0290208 0.0011378 0.162883
5280 0.190159 -0.0801408 0.00153553 0.111554
5285 0.179768 -0.125399 -0.000628362 0.0537401
5290 0.15238 -0.160154 -0.00643788 -0.0142118
5295 0.0975862 -0.182285 -0.0141658 -0.0988648
5300 0.0165908 -0.193934 -0.0187736 -0.196117
5305 -0.0717072 -0.199401 -0.0159468 -0.287055
5310 -0.140045 -0.202649 -0.00511358 -0.347808
5315 -0.167258 -0.202889 0.0124239 -0.357723
5320 -0.148162 -0.193467 0.0348413 -0.306788
5325 -0.0920897 -0.168315 0.0595816 -0.200823
5330 -0.0156012 -0.128595 0.0836696 -0.0605268
5335 0.0635384 -0.0801123 0.102443 0.0858689
5340 0.129355 -0.0278298 0.10948 0.211005
5345 0.168815 0.0235505 0.101838 0.294203
5350 0.174055 0.0675426 0.0829074 0.324505
5355 0.144743 0.0986556 0.0574028 0.300802
5360 0.087966 0.116735 0.0256382 0.230339
5365 0.0171834 0.125942 -0.0158871 0.127238
5370 -0.0512425 0.128618 -0.0679666 0.0094087
5375 -0.106135 0.122938 -0.124552 -0.107749
5380 -0.143963 0.107691 -0.173779 -0.210051
5385 -0.164012 0.0865158 -0.199405 -0.276901
5390 -0.166631 0.0654461 -0.189758 -0.290943
5395 -0.154275 0.0487427 -0.14791 -0.253442
5400 -0.13028 0.0356522 -0.0893821 -0.18401
5405 -0.0986104 0.0207248 -0.0292657 -0.107151
5410 -0.0653258 0.00135471 0.0242601 -0.039711
5415 -0.0375771 -0.0169474 0.0672663 0.0127417
5420 -0.019278 -0.0283215 0.0963248 0.0487253
5425 -0.010113 -0.0342747 0.107956 0.0635688
5430 -0.00717611 -0.0379779 0.101676 0.0565218
5435 -0.00583742 -0.0353498 0.0851221 0.0439349
5440 0.000708113 -0.0160049 0.0707084 0.0554116
5445 0.0175292 0.0285373 0.064789 0.110856
5450 0.0420824 0.096695 0.0650706 0.203848
5455 0.0639976 0.176457 0.0644919 0.304946
5460 0.0706981 0.252437 0.0558828 0.379018
5465 0.0549678 0.312303 0.0360541 0.403325
5470 0.018172 0.350173 0.00844247 0.376788
5475 -0.0292521 0.367629 -0.0193706 0.319007
5480 -0.070872 0.369182 -0.0414471 0.256863
5485 -0.0960703 0.356779 -0.0558355 0.204873
5490 -0.108152 0.326767 -0.066152 0.152463
5495 -0.118243 0.274109 -0.0785863 0.0772793
5500 -0.132819 0.198544 -0.0951237 -0.0293987
5505 -0.145044 0.104067 -0.112456 -0.153434
5510 -0.141109 -0.00352811 -0.123683 -0.26832
5515 -0.115248 -0.116714 -0.123355 -0.355317
5520 -0.0755837 -0.226617 -0.113039 -0.41524
5525 -0.0372267 -0.320283 -0.0999983 -0.457508
5530 -0.0092972 -0.380346 -0.0920487 -0.481691
5535 0.00990411 -0.39217 -0.0927157 -0.474982
5540 0.026131 -0.351374 -0.097285 -0.422528
5545 0.0409895 -0.267025 -0.0954625 -0.321498
5550 0.0519414 -0.158099 -0.0800135 -0.186171
5555 0.0568721 -0.0427336 -0.0510073 -0.0368688
5560 0.0568209 0.0646249 -0.0135911 0.107855
5565 0.0580049 0.149572 0.0243101 0.231887
5570 0.0691747 0.202688 0.055044 0.326907
5575 0.0919418 0.22486 0.0727185 0.38952
5580 0.119992 0.223461 0.0740152 0.417468
5585 0.147004 0.205062 0.0597516 0.411818
5590 0.169952 0.171116 0.0353241 0.376393
5595 0.185479 0.121298 0.00917152 0.315948
5600 0.18575 0.0588518 -0.0132049 0.231397
5605 0.162707 -0.00882231 -0.0312062 0.122678
5610 0.114425 -0.0752917 -0.0445395 -0.00540612
5615 0.0497832 -0.137826 -0.0512282 -0.139271
5620 -0.015139 -0.195773 -0.0483235 -0.259236
5625 -0.0661753 -0.246765 -0.0331167 -0.346057
5630 -0.0947831 -0.282451 -0.00685259 -0.384086
5635 -0.097645 -0.288428 0.0213658 -0.364707
5640 -0.0763492 -0.252157 0.0359773 -0.292529
5645 -0.0390875 -0.172944 0.0246829 -0.187349
5650 0.000876069 -0.0623983 -0.0104643 -0.0719865
5655 0.032018 0.0621414 -0.0529663 0.0411931
5660 0.0482247 0.182443 -0.0871826 0.143485
5665 0.0456164 0.281893 -0.107474 0.220036
5670 0.0220331 0.348958 -0.113725 0.257266
5675 -0.0193634 0.375414 -0.105117 0.250934
5680 -0.0690384 0.353887 -0.0794577 0.205391
5685 -0.115408 0.284283 -0.0362272 0.132648
5690 -0.15052 0.178657 0.0215192 0.0496562
5695 -0.169469 0.0577988 0.0859444 -0.0257256
5700 -0.168402 -0.0552575 0.14655 -0.0771091
5705 -0.145013 -0.144537 0.194775 -0.0947753
5710 -0.100713 -0.207649 0.225201 -0.0831605
5715 -0.0391632 -0.249298 0.235945 -0.0525165
5720 0.0351958 -0.273679 0.230082 -0.00840168
5725 0.114443 -0.283559 0.210499 0.0413827
5730 0.189314 -0.282306 0.175736 0.0827445
5735 0.253533 -0.276341 0.124307 0.101499
5740 0.29964 -0.271542 0.0623633 0.0904613
5745 0.315288 -0.268138 0.00242504 0.0495756
5750 0.290902 -0.261588 -0.0460022 -0.0166876
5755 0.230006 -0.246797 -0.0801558 -0.0969476
5760 0.149925 -0.22042 -0.099206 -0.169701
5765 0.0701578 -0.181083 -0.102183 -0.213108
5770 0.00100908 -0.128508 -0.0912286 -0.218727
5775 -0.0545336 -0.0627735 -0.0719667 -0.189274
5780 -0.0944896 0.0134051 -0.0502737 -0.131358
5785 -0.115301 0.0926635 -0.0306048 -0.0532418
5790 -0.112205 0.16359 -0.0167418 0.0346428
5795 -0.0860873 0.218794 -0.0083693 0.124337
5800 -0.050271 0.259355 -0.00114004 0.207944
5805 -0.0242968 0.285335 0.00712411 0.268163
5810 -0.0192981 0.290285 0.0155356 0.286522
5815 -0.0310115 0.268293 0.0189773 0.256259
5820 -0.0466044 0.221457 0.00706684 0.181919
5825 -0.0550003 0.159351 -0.0263611 0.0779893
5830 -0.0500609 0.09353 -0.0736496 -0.0301805
5835 -0.0303706 0.035175 -0.115463 -0.110659
5840 -0.00216744 -0.00623326 -0.134204 -0.142605
5845 0.0214363 -0.0271484 -0.126159 -0.131871
5850 0.0277308 -0.0273443 -0.100396 -0.10001
5855 0.0118412 -0.00700157 -0.0671803 -0.0623407
5860 -0.0189664 0.0286589 -0.0299784 -0.020286
5865 -0.0509728 0.0671053 0.011105 0.0272375
5870 -0.0759029 0.0941202 0.051287 0.0695042
5875 -0.0939318 0.103705 0.0849793 0.0947527
5880 -0.107415 0.0993412 0.112315 0.104241
5885 -0.116901 0.0848956 0.135263 0.103258
5890 -0.120435 0.0612285 0.152243 0.0930366
5895 -0.115455 0.0291539 0.158784 0.0724828
5900 -0.103178 -0.00644793 0.15271 0.043084
5905 -0.0873209 -0.037206 0.136038 0.0115116
5910 -0.0710267 -0.0570008 0.109511 -0.0185164
5915 -0.0564542 -0.0653921 0.06925 -0.0525963
5920 -0.0442344 -0.0658032 0.0129957 -0.0970418
5925 -0.0338972 -0.0621528 -0.0529583 -0.149008
5930 -0.0248629 -0.0551553 -0.116391 -0.196409
5935 -0.0162901 -0.0462435 -0.166327 -0.228861
5940 -0.00635421 -0.0425885 -0.195926 -0.244868
5945 0.00707995 -0.053151 -0.204382 -0.250453
5950 0.0249455 -0.082439 -0.195408 -0.252901
5955 0.0468286 -0.127192 -0.171349 -0.251712
5960 0.0687162 -0.176873 -0.132348 -0.240505
5965 0.0806421 -0.218112 -0.0791948 -0.216665
5970 0.0747621 -0.241049 -0.016158 -0.182445
5975 0.0526283 -0.24391 0.043054 -0.148228
5980 0.0238244 -0.232113 0.0774861 -0.130802
5985 -0.00216281 -0.212567 0.0751467 -0.139583
5990 -0.0217065 -0.190353 0.0414829 -0.170577
5995 -0.0343541 -0.169749 -0.00608998 -0.210193
6000 -0.0389505 -0.156166 -0.0486281 -0.243745
6005 -0.0352038 -0.151651 -0.0751407 -0.261995
6010 -0.0247 -0.149391 -0.0843585 -0.258449
6015 -0.012014 -0.137456 -0.0789453 -0.228416
6020 -0.00433537 -0.107192 -0.0589916 -0.170519
6025 -0.00693804 -0.0576026 -0.0214612 -0.0860019
6030 -0.0194166 0.00314923 0.0347262 0.0184588
6035 -0.0360579 0.0629749 0.1028 0.129717
6040 -0.0511291 0.113532 0.165485 0.227888
6045 -0.0629626 0.147984 0.201793 0.286815
6050 -0.0728932 0.159315 0.201163 0.287585
6055 -0.0826225 0.14376 0.170442 0.231579
6060 -0.0931818 0.103994 0.125608 0.13642
6065 -0.103588 0.0502992 0.0790923 0.0258035
6070 -0.108576 -0.00139923 0.0348824 -0.0750928
6075 -0.100618 -0.0361749 -0.00593333 -0.142726
6080 -0.0770608 -0.0495719 -0.0399648 -0.166597
6085 -0.0422002 -0.0474848 -0.0627573 -0.152442
6090 -0.0045847 -0.035521 -0.0707286 -0.110834
6095 0.0262126 -0.012544 -0.0641132 -0.0504447
6100 0.0455987 0.024455 -0.051108 0.0189458
6105 0.0563866 0.0725481 -0.0468533 0.0820814
6110 0.0609669 0.122076 -0.0636296 0.119413
6115 0.05469 0.162534 -0.100677 0.116547
6120 0.0311642 0.185117 -0.147128 0.0691524
6125 -0.00683805 0.184283 -0.191977 -0.0145327
6130 -0.0459514 0.160004 -0.226663 -0.11261
6135 -0.0728639 0.114779 -0.243817 -0.201902
6140 -0.0819098 0.0535832 -0.239241 -0.267567
6145 -0.075482 -0.0130485 -0.213142 -0.301672
6150 -0.0613566 -0.0696131 -0.168429 -0.299399
6155 -0.0474984 -0.10101 -0.110641 -0.25915
6160 -0.0366944 -0.0980643 -0.0471132 -0.181872
6165 -0.0284689 -0.0598133 0.0140126 -0.0742696
6170 -0.0234365 0.00397264 0.0639533 0.0444895
6175 -0.02091 0.0743257 0.0947029 0.148119
6180 -0.0175597 0.131406 0.100125 0.213971
6185 -0.0111047 0.161929 0.0785742 0.229399
6190 -0.00161668 0.158862 0.0360593 0.193304
6195 0.0101348 0.121537 -0.0165669 0.115105
6200 0.0227955 0.0580582 -0.0684242 0.0124294
6205 0.0356256 -0.0153174 -0.11154 -0.0912321
6210 0.0490647 -0.0827904 -0.141563 -0.175289
6215 0.0618964 -0.135674 -0.158156 -0.231934
6220 0.0714241 -0.171006 -0.164417 -0.263998
6225 0.0786397 -0.189837 -0.160159 -0.271356
6230 0.0903469 -0.193271 -0.139504 -0.242428
6235 0.112366 -0.17869 -0.0984192 -0.164743
6240 0.143884 -0.142799 -0.0403346 -0.0392492
6245 0.179238 -0.0862558 0.0253769 0.118359
6250 0.212718 -0.0160691 0.0886018 0.28525
6255 0.240485 0.0577639 0.144082 0.442331
6260 0.259329 0.125765 0.188975 0.57407
6265 0.265201 0.179882 0.217557 0.66264
6270 0.254513 0.213454 0.221686 0.689654
6275 0.226984 0.22563 0.197194 0.649809
6280 0.186536 0.223643 0.149548 0.559727
6285 0.137415 0.215195 0.0901369 0.442747
6290 0.0828206 0.200464 0.0334775 0.316762
6295 0.0270282 0.173558 -0.00482898 0.195757
6300 -0.0251154 0.13039 -0.015823 0.0894518
6305 -0.0725244 0.078196 -0.00285931 0.00281229
6310 -0.115707 0.0357582 0.0197481 -0.0602009
6315 -0.151676 0.0216189 0.0364625 -0.0935947
6320 -0.176693 0.0401113 0.03919 -0.0973916
6325 -0.19145 0.0786901 0.0277367 -0.0850235
6330 -0.198357 0.120911 0.00567938 -0.0717659
6335 -0.197755 0.156733 -0.021945 -0.0629674
6340 -0.189648 0.180128 -0.0506381 -0.0601583
6345 -0.174312 0.185526 -0.0791953 -0.0679813
6350 -0.150167 0.169471 -0.104566 -0.0852612
6355 -0.114263 0.132755 -0.115813 -0.0973218
6360 -0.0672117 0.0792771 -0.100564 -0.0884981
6365 -0.0161222 0.0166671 -0.057904 -0.0573591
6370 0.0333936 -0.0437648 0.00228948 -0.00808168
6375 0.0809388 -0.0942099 0.0710266 0.0577555
6380 0.123679 -0.133885 0.14406 0.133854
6385 0.152874 -0.164294 0.217721 0.206301
6390 0.159384 -0.186718 0.285982 0.258648
6395 0.142273 -0.202621 0.338485 0.278136
6400 0.107996 -0.210819 0.362075 0.259252
6405 0.0613079 -0.206274 0.347124 0.202158
6410 0.0035096 -0.185732 0.294329 0.112106
6415 -0.0611275 -0.152262 0.215315 0.00192608
6420 -0.122225 -0.111941 0.128675 -0.105491
6425 -0.167462 -0.0671383 0.0532567 -0.181344
6430 -0.185603 -0.0160659 0.00378786 -0.197881
6435 -0.168645 0.0432468 -0.0128292 -0.138228
6440 -0.118202 0.108497 -0.00172738 -0.0114329
6445 -0.0492082 0.170252 0.0222872 0.143331
6450 0.0194398 0.21444 0.0435681 0.277448
6455 0.0771118 0.228474 0.0520856 0.357671
6460 0.12156 0.205695 0.0425779 0.369833
6465 0.151034 0.14695 0.0115684 0.309552
6470 0.164756 0.0625703 -0.0423425 0.184984
6475 0.163515 -0.0297021 -0.114506 0.0193074
6480 0.147604 -0.109007 -0.192261 -0.153664
6485 0.119953 -0.158756 -0.257162 -0.295965
6490 0.0884885 -0.168988 -0.291521 -0.372021
6495 0.0612766 -0.136658 -0.287286 -0.362667
6500 0.040277 -0.0694488 -0.248539 -0.277711
6505 0.0216895 0.016079 -0.187458 -0.149689
6510 0.00141236 0.101357 -0.121909 -0.019139
6515 -0.0216913 0.16986 -0.0711024 0.0770659
6520 -0.0471471 0.210301 -0.0483018 0.114853
6525 -0.0754675 0.220642 -0.0542789 0.0908956
6530 -0.107654 0.208397 -0.078369 0.0223748
6535 -0.140408 0.186163 -0.105012 -0.0592566
6540 -0.163629 0.162503 -0.117782 -0.118907
6545 -0.169247 0.13589 -0.10402 -0.137377
6550 -0.159428 0.0980178 -0.0623954 -0.123806
6555 -0.141117 0.0439571 -0.00184145 -0.0990012
6560 -0.117544 -0.0226085 0.065807 -0.0743456
6565 -0.0892492 -0.0898131 0.127788 -0.051274
6570 -0.0597091 -0.14439 0.170301 -0.0337981
6575 -0.0371639 -0.177739 0.182957 -0.0319461
6580 -0.0265267 -0.186685 0.163051 -0.0501608
6585 -0.0205987 -0.17374 0.114319 -0.0800194
6590 -0.00641073 -0.144956 0.0450448 -0.106322
6595 0.0228445 -0.110024 -0.0316131 -0.118793
6600 0.0637621 -0.0820054 -0.102217 -0.12046
6605 0.107226 -0.0713251 -0.158742 -0.122841
6610 0.144313 -0.0805334 -0.19938 -0.1356
6615 0.167915 -0.105599 -0.224607 -0.162292
6620 0.174097 -0.141694 -0.234617 -0.202215
6625 0.162606 -0.186354 -0.229712 -0.253459
6630 0.135627 -0.236187 -0.212474 -0.313033
6635 0.0955905 -0.280467 -0.189086 -0.373963
6640 0.0441238 -0.301158 -0.166887 -0.423921
6645 -0.0145494 -0.283742 -0.147744 -0.446035
6650 -0.0701739 -0.226283 -0.125083 -0.42154
6655 -0.111255 -0.140292 -0.0914619 -0.343009
6660 -0.128534 -0.0441454 -0.0465876 -0.219267
6665 -0.115664 0.0452789 0.00281647 -0.0675687
6670 -0.0724276 0.117098 0.049615 0.0942855
6675 -0.00848117 0.166701 0.0917538 0.249973
6680 0.0596829 0.192564 0.129296 0.381543
6685 0.115203 0.195284 0.159155 0.469642
6690 0.14525 0.178802 0.177736 0.501788
6695 0.14263 0.148828 0.185405 0.476864
6700 0.105976 0.10825 0.188278 0.402504
6705 0.0398648 0.0568332 0.192749 0.289447
6710 -0.046418 -0.00455085 0.198065 0.147096
6715 -0.140994 -0.0692412 0.198468 -0.0117673
6720 -0.230575 -0.126863 0.190798 -0.16664
6725 -0.299558 -0.170023 0.177078 -0.292503
6730 -0.333091 -0.195934 0.15982 -0.369205
6735 -0.324037 -0.200942 0.13847 -0.386509
6740 -0.276737 -0.178966 0.114514 -0.34119
6745 -0.206018 -0.128631 0.0964581 -0.238191
6750 -0.129996 -0.0610513 0.0934282 -0.0976194
6755 -0.058622 0.00545652 0.106719 0.0535537
6760 0.0092381 0.0609189 0.129538 0.199695
6765 0.0756479 0.108059 0.1513 0.335006
6770 0.133843 0.151331 0.161325 0.446498
6775 0.171586 0.184094 0.151942 0.507622
6780 0.182213 0.190036 0.119058 0.491307
6785 0.169477 0.157986 0.0616925 0.389155
6790 0.144538 0.0933261 -0.0154277 0.222436
6795 0.119357 0.0162136 -0.0992284 0.0363418
6800 0.101926 -0.0500062 -0.169443 -0.117522
6805 0.095542 -0.0896493 -0.206732 -0.200839
6810 0.0989794 -0.0995713 -0.203658 -0.20425
6815 0.106658 -0.0868664 -0.167095 -0.147304
6820 0.111583 -0.0610855 -0.112495 -0.0619979
6825 0.107266 -0.0308924 -0.0549135 0.0214597
6830 0.0886352 -0.00280543 -0.00309172 0.0827381
6835 0.0558508 0.0196132 0.0384191 0.113883
6840 0.016188 0.0365432 0.0649509 0.117682
6845 -0.0193195 0.0491967 0.0728534 0.10273
6850 -0.0416904 0.0598572 0.0625514 0.0807182
6855 -0.0463831 0.074954 0.0413836 0.0699544
6860 -0.0312579 0.10043 0.0205016 0.0896738
6865 0.00484995 0.132819 0.0054786 0.143148
6870 0.0576807 0.158054 -0.00531402 0.210421
6875 0.114552 0.161462 -0.0138329 0.262181
6880 0.158505 0.139161 -0.0188503 0.278816
6885 0.176831 0.0966943 -0.0197269 0.253799
6890 0.164738 0.0407328 -0.0217349 0.183736
6895 0.12432 -0.0205008 -0.0341764 0.069643
6900 0.0649865 -0.0741946 -0.0643517 -0.0735599
6905 0.00215488 -0.106971 -0.111822 -0.216639
6910 -0.0528552 -0.112637 -0.166056 -0.331548
6915 -0.0975101 -0.0981047 -0.211368 -0.406983
6920 -0.129303 -0.0799331 -0.237363 -0.446599
6925 -0.139947 -0.0691393 -0.243056 -0.452142
6930 -0.119564 -0.0631896 -0.228706 -0.41146
6935 -0.066365 -0.0539147 -0.192422 -0.312702
6940 0.00841142 -0.0398414 -0.135631 -0.167061
6945 0.0865299 -0.0283059 -0.065828 -0.00760394
6950 0.153928 -0.0267473 0.00627346 0.133454
6955 0.20243 -0.036593 0.0718988 0.237736
6960 0.224859 -0.0563842 0.126832 0.295306
6965 0.214693 -0.0811472 0.172035 0.30558
6970 0.168725 -0.0992083 0.211687 0.281204
6975 0.0884582 -0.101356 0.245204 0.232306
6980 -0.0166488 -0.0858864 0.264338 0.161802
6985 -0.125557 -0.0502598 0.260881 0.0850638
6990 -0.21268 0.00772903 0.233947 0.028996
6995 -0.261012 0.0806222 0.189761 0.00937171
7000 -0.268953 0.151213 0.136736 0.0189952
7005 -0.244035 0.205315 0.079947 0.0412277
7010 -0.192862 0.239891 0.0218215 0.0688512
7015 -0.122014 0.256276 -0.0310916 0.10317
7020 -0.0453298 0.255522 -0.069179 0.141013
7025 0.0203432 0.240386 -0.0877178 0.173011
7030 0.0640583 0.213264 -0.0918309 0.185492
7035 0.081719 0.172499 -0.0912479 0.16297
7040 0.0741295 0.115717 -0.0902201 0.0996259
7045 0.0476677 0.0478686 -0.0834591 0.0120772
7050 0.0142186 -0.0183373 -0.0623709 -0.0664895
7055 -0.0158615 -0.0698679 -0.0261682 -0.111898
7060 -0.0395485 -0.100832 0.0140802 -0.1263
7065 -0.0605408 -0.113826 0.044066 -0.130301
7070 -0.0825447 -0.113419 0.0592176 -0.136747
7075 -0.10319 -0.0997102 0.0654316 -0.137469
7080 -0.116172 -0.0728931 0.0687998 -0.120265
7085 -0.116626 -0.039714 0.0690459 -0.0872943
7090 -0.102227 -0.00934463 0.0624442 -0.0491272
7095 -0.0740456 0.0118934 0.0459372 -0.0162151
7100 -0.0351692 0.0209186 0.018573 0.00432239
7105 0.0110649 0.0187361 -0.0186819 0.0111191
7110 0.0561522 0.00972259 -0.0641384 0.0017363
7115 0.0874467 3.18446e-05 -0.112726 -0.0252475
7120 0.0984609 -0.00427028 -0.152764 -0.0585738
7125 0.0939147 0.00142512 -0.169983 -0.0746433
7130 0.0842779 0.0156672 -0.156904 -0.0569591
7135 0.0742816 0.0297515 -0.11793 -0.013897
7140 0.0597105 0.0341828 -0.064569 0.0293243
7145 0.0355542 0.0256285 -0.00721463 0.0539681
7150 0.00173393 0.00753068 0.0442455 0.0535101
7155 -0.0368068 -0.0131914 0.0767573 0.026759
7160 -0.0746841 -0.0306545 0.0783149 -0.0270236
7165 -0.108223 -0.0409782 0.0472135 -0.101988
7170 -0.130861 -0.040133 -0.00381482 -0.174809
7175 -0.135703 -0.0251121 -0.0546446 -0.21546
7180 -0.123627 0.00232606 -0.0905792 -0.21188
7185 -0.104374 0.031691 -0.106831 -0.179514
7190 -0.0898276 0.0489982 -0.105837 -0.146667
7195 -0.0855913 0.0465575 -0.0929343 -0.131968
7200 -0.0886639 0.0253145 -0.0725339 -0.135883
7205 -0.0919498 -0.00944749 -0.0468187 -0.148216
7210 -0.0918012 -0.0510969 -0.0188593 -0.161757
7215 -0.0875744 -0.0927123 0.00369706 -0.17659
7220 -0.0756688 -0.13051 0.0137895 -0.19239
7225 -0.0517566 -0.164733 0.0105613 -0.205928
7230 -0.019248 -0.198197 -0.00125703 -0.218702
7235 0.0131527 -0.234417 -0.012953 -0.234218
7240 0.0408273 -0.275046 -0.0165162 -0.250735
7245 0.0659852 -0.316061 -0.0090068 -0.259082
7250 0.0910091 -0.347508 0.00874327 -0.247755
7255 0.113065 -0.358868 0.0309621 -0.21484
7260 0.124445 -0.343057 0.0462762 -0.172336
7265 0.116494 -0.297084 0.0449749 -0.135615
7270 0.0878151 -0.221116 0.0291367 -0.104164
7275 0.0472313 -0.118966 0.00977624 -0.0619581
7280 0.00783922 -0.00389961 -0.00442336 -0.000483753
7285 -0.0171927 0.101958 -0.00991261 0.074853
7290 -0.0148514 0.17663 -0.00374069 0.158038
7295 0.0228966 0.208743 0.0160024 0.247642
7300 0.0918636 0.205987 0.0449651 0.342816
7305 0.175757 0.190436 0.0702111 0.436404
7310 0.254334 0.183821 0.0762391 0.514394
7315 0.308704 0.194266 0.0572736 0.560244
7320 0.324307 0.212247 0.0227027 0.559257
7325 0.297576 0.220297 -0.0103095 0.507564
7330 0.236743 0.205916 -0.0310613 0.411598
7335 0.152659 0.169823 -0.0427355 0.279746
7340 0.056904 0.124483 -0.0545321 0.126855
7345 -0.0361667 0.0858412 -0.0697779 -0.0201034
7350 -0.113497 0.0634325 -0.0817429 -0.131808
7355 -0.167717 0.0561168 -0.0794116 -0.191012
7360 -0.196448 0.0594586 -0.0591414 -0.196131
7365 -0.199221 0.0733914 -0.0307625 -0.156593
7370 -0.175331 0.0999223 -0.00863711 -0.0840461
7375 -0.127743 0.13459 0.00250451 0.0093515
7380 -0.0688845 0.165321 0.00877438 0.10521
7385 -0.0170257 0.177961 0.0184216 0.179357
7390 0.0153101 0.16178 0.0340181 0.211108
7395 0.0281286 0.114343 0.0523412 0.194813
7400 0.027678 0.0435557 0.0695881 0.140822
7405 0.0188602 -0.0391219 0.0828549 0.0625931
7410 0.00283494 -0.127674 0.0883226 -0.0365169
7415 -0.0217859 -0.220212 0.0836501 -0.158347
7420 -0.0548272 -0.313404 0.0714843 -0.296747
7425 -0.0894107 -0.400506 0.0564054 -0.433511
7430 -0.113624 -0.469727 0.0395269 -0.543825
7435 -0.118473 -0.504073 0.0200458 -0.6025
7440 -0.102302 -0.486174 -0.000421584 -0.588898
7445 -0.0660287 -0.409586 -0.0191728 -0.494788
7450 -0.010925 -0.285116 -0.0361895 -0.332231
7455 0.0564499 -0.13574 -0.0541328 -0.133422
7460 0.123066 0.0122881 -0.0748191 0.0605353
7465 0.175463 0.137442 -0.0964669 0.216439
7470 0.20706 0.227847 -0.115334 0.319573
7475 0.219057 0.281829 -0.130238 0.370648
7480 0.215171 0.303079 -0.145486 0.372764
7485 0.196671 0.296981 -0.165304 0.328348
7490 0.161698 0.27126 -0.184887 0.248071
7495 0.110494 0.233393 -0.192378 0.151509
7500 0.0510457 0.184477 -0.177867 0.057655
7505 -0.00446042 0.121977 -0.136905 -0.0193883
7510 -0.0492906 0.0486246 -0.0703585 -0.0710245
7515 -0.0869367 -0.0269435 0.0153151 -0.0985651
7520 -0.125874 -0.0967222 0.108549 -0.114047
7525 -0.16994 -0.156134 0.193774 -0.132299
7530 -0.215124 -0.200707 0.256421 -0.15941
7535 -0.253148 -0.224786 0.287691 -0.190242
7540 -0.277148 -0.223418 0.284802 -0.215764
7545 -0.285281 -0.19645 0.250434 -0.231297
7550 -0.27763 -0.149785 0.192953 -0.234462
7555 -0.253166 -0.0943195 0.124718 -0.222767
7560 -0.210127 -0.0427553 0.0580968 -0.194786
7565 -0.150104 -0.00500904 0.00152312 -0.15359
7570 -0.0772652 0.0160244 -0.0414711 -0.102712
7575 0.00204033 0.0241906 -0.0714597 -0.0452288
7580 0.0768039 0.0263192 -0.0902553 0.0128678
7585 0.132954 0.0265097 -0.0970764 0.0623874
7590 0.159793 0.0282431 -0.09063 0.0974064
7595 0.155564 0.0386673 -0.0757295 0.118502
7600 0.126039 0.0621534 -0.0648322 0.12336
7605 0.0785868 0.0955557 -0.0675748 0.106568
7610 0.0188067 0.132538 -0.0790092 0.0723357
7615 -0.0480254 0.167729 -0.084808 0.0348956
7620 -0.114154 0.197013 -0.0773101 0.00554947
7625 -0.170578 0.217944 -0.0594748 -0.0121087
7630 -0.209711 0.228441 -0.0365533 -0.0178234
7635 -0.227566 0.226264 -0.010656 -0.0119575
7640 -0.224197 0.210897 0.0180978 0.00479772
7645 -0.201212 0.185469 0.0477987 0.0320562
7650 -0.15939 0.156855 0.0745788 0.0720436
7655 -0.0991496 0.131684 0.0970118 0.129547
7660 -0.0244472 0.109412 0.114147 0.199111
7665 0.0546944 0.0821716 0.123135 0.260001
7670 0.124833 0.0434461 0.122011 0.290291
7675 0.17496 -0.00463131 0.111927 0.282256
7680 0.199036 -0.0546007 0.0940869 0.238522
7685 0.19822 -0.100296 0.0676741 0.165598
7690 0.181741 -0.135843 0.0335608 0.0794591
7695 0.160611 -0.150577 -0.00326196 0.00677171
7700 0.140999 -0.134811 -0.03703 -0.0308412
7705 0.123762 -0.0918236 -0.0641528 -0.0322143
7710 0.107974 -0.0397356 -0.083701 -0.0154625
7715 0.0939311 0.000667416 -0.0976368 -0.00303826
7720 0.0820952 0.0196733 -0.10855 -0.00678103
7725 0.0701927 0.0246005 -0.117216 -0.0224231
7730 0.0540224 0.0296903 -0.122922 -0.0392095
7735 0.0342873 0.0384203 -0.123581 -0.0508734
7740 0.0174678 0.0418546 -0.119114 -0.0597918
7745 0.00714081 0.0320803 -0.113617 -0.0743957
7750 -0.00254852 0.0118833 -0.112872 -0.103537
7755 -0.0212147 -0.00958177 -0.12098 -0.151777
7760 -0.0502666 -0.0276006 -0.138852 -0.216719
7765 -0.0792552 -0.0482306 -0.162523 -0.290009
7770 -0.0954153 -0.0826713 -0.184 -0.362086
7775 -0.0926845 -0.137127 -0.193732 -0.423544
7780 -0.0734506 -0.205367 -0.185159 -0.463976
7785 -0.0436213 -0.26857 -0.160149 -0.47234
7790 -0.00667635 -0.306876 -0.126281 -0.439833
7795 0.0352115 -0.310199 -0.0918548 -0.366843
7800 0.0772051 -0.278677 -0.0611901 -0.262662
7805 0.111449 -0.22098 -0.0328616 -0.142392
7810 0.131385 -0.150744 -0.0049896 -0.0243486
7815 0.135784 -0.0810973 0.0213611 0.0760482
7820 0.127085 -0.023665 0.0452485 0.148669
7825 0.106869 0.0107698 0.0679884 0.185627
7830 0.0749876 0.0151251 0.0910128 0.181126
7835 0.0349595 -0.0077486 0.113117 0.140327
7840 -0.00315726 -0.0455248 0.132185 0.0835032
7845 -0.0273944 -0.08245 0.148707 0.0388628
7850 -0.0304778 -0.101805 0.164456 0.0321733
7855 -0.0129496 -0.0913402 0.181206 0.0769164
7860 0.0171679 -0.0512005 0.196974 0.162942
7865 0.046077 0.00609887 0.203028 0.255204
7870 0.0597277 0.0646589 0.188894 0.31328
7875 0.0509623 0.113987 0.150634 0.315583
7880 0.0198064 0.152452 0.0937943 0.266053
7885 -0.0292253 0.181592 0.02955 0.181917
7890 -0.0853647 0.197064 -0.0312403 0.0804586
7895 -0.134683 0.189562 -0.0805752 -0.0256959
7900 -0.165937 0.154284 -0.112844 -0.124497
7905 -0.175784 0.0955635 -0.123939 -0.20416
7910 -0.169677 0.0223301 -0.113245 -0.260592
7915 -0.153675 -0.0531103 -0.0826527 -0.289438
7920 -0.129393 -0.114071 -0.035137 -0.2786
7925 -0.0985699 -0.146992 0.0214222 -0.22414
7930 -0.0675748 -0.14891 0.0752181 -0.141267
7935 -0.044863 -0.124398 0.115588 -0.0536738
7940 -0.0345084 -0.0794228 0.136012 0.0220808
7945 -0.0314909 -0.0197026 0.135243 0.0840497
7950 -0.0255336 0.0454311 0.117056 0.136954
7955 -0.0106832 0.0995532 0.0881206 0.176991
7960 0.0139948 0.13034 0.0561787 0.200514
7965 0.0481195 0.140225 0.0292507 0.217595
7970 0.0884884 0.140033 0.011387 0.239909
7975 0.127464 0.140517 0.000862377 0.268843
7980 0.15225 0.150445 -0.00436199 0.298333
7985 0.149748 0.172634 -0.00290411 0.319478
7990 0.115513 0.200327 0.00735693 0.323198
7995 0.0564533 0.218441 0.023317 0.298211
8000 -0.0144849 0.214584 0.0397751 0.239875
8005 -0.0856834 0.186655 0.0566444 0.157616
8010 -0.151351 0.136617 0.0751492 0.0604148
8015 -0.210698 0.0675526 0.0926195 -0.0505259
8020 -0.26122 -0.0130615 0.102412 -0.171869
8025 -0.294319 -0.0927626 0.0980644 -0.289017
8030 -0.299941 -0.156124 0.0783339 -0.377731
8035 -0.274069 -0.189565 0.0472153 -0.416419
8040 -0.219999 -0.187975 0.00964459 -0.398329
8045 -0.146443 -0.159357 -0.0312155 -0.337016
8050 -0.0649813 -0.120252 -0.0727061 -0.25794
8055 0.013854 -0.0830815 -0.109076 -0.178303
8060 0.0818848 -0.0518516 -0.131516 -0.101483
8065 0.132861 -0.0273081 -0.133974 -0.0284207
8070 0.163082 -0.00933977 -0.116199 0.0375436
8075 0.174217 0.000659589 -0.0796784 0.0951981
8080 0.173805 0.00101499 -0.0247789 0.150041
8085 0.168588 -0.00677683 0.0476794 0.209491
8090 0.15704 -0.0171653 0.13351 0.273384
8095 0.132906 -0.0248114 0.223154 0.331248
8100 0.0950193 -0.0291781 0.302275 0.368117
8105 0.0529887 -0.0294308 0.3567 0.380258
8110 0.0231658 -0.0199649 0.375306 0.378507
8115 0.0164468 0.00355248 0.352074 0.372073
8120 0.0280835 0.0375642 0.288886 0.354534
8125 0.0421951 0.0736006 0.194448 0.310244
8130 0.0472608 0.103714 0.0827707 0.233745
8135 0.043281 0.12134 -0.0289858 0.135635
8140 0.0337329 0.123311 -0.127731 0.0293125
8145 0.0196965 0.108874 -0.207373 -0.0788017
8150 0.00356256 0.0800633 -0.264235 -0.180609
8155 -0.00885532 0.0452496 -0.293754 -0.25736
8160 -0.0141244 0.01565 -0.291221 -0.289695
8165 -0.0127279 -0.00262679 -0.255747 -0.271102
8170 -0.00661532 -0.0121203 -0.196907 -0.215643
8175 0.00179903 -0.0192151 -0.131554 -0.14897
8180 0.00961897 -0.0256615 -0.0720764 -0.088119
8185 0.0153611 -0.0272828 -0.0185601 -0.0304818
8190 0.0221301 -0.0182636 0.0327173 0.0365838
8195 0.0358782 0.00502909 0.0760333 0.116941
8200 0.0582737 0.0403606 0.0962058 0.19484
8205 0.0862853 0.0775099 0.0802353 0.24403
8210 0.119373 0.103832 0.0280591 0.251263
8215 0.160435 0.114688 -0.0491898 0.225934
8220 0.207173 0.113124 -0.135675 0.184622
8225 0.248612 0.0994528 -0.215628 0.132437
8230 0.273325 0.067456 -0.276794 0.0639873
8235 0.274906 0.0119638 -0.310208 -0.0233378
8240 0.250606 -0.0593281 -0.309547 -0.118269
8245 0.200404 -0.125036 -0.275387 -0.200019
8250 0.128206 -0.165083 -0.218473 -0.255349
8255 0.0401113 -0.176415 -0.156055 -0.292358
8260 -0.0555355 -0.168671 -0.103856 -0.328063
8265 -0.145829 -0.148064 -0.0687797 -0.362672
8270 -0.214835 -0.11507 -0.0486371 -0.378542
8275 -0.250916 -0.0709423 -0.0391122 -0.360971
8280 -0.253594 -0.0212983 -0.0359057 -0.310798
8285 -0.229745 0.0243128 -0.0327246 -0.238157
8290 -0.186336 0.0558443 -0.0263584 -0.15685
8295 -0.131569 0.0688522 -0.0214078 -0.0841245
8300 -0.0770507 0.0676396 -0.0250984 -0.0345095
8305 -0.0331202 0.0616435 -0.0397086 -0.0111853
8310 -0.00038134 0.0584315 -0.0569511 0.00109902
8315 0.0297016 0.0616599 -0.0619062 0.0294553
8320 0.0655924 0.0743025 -0.0467846 0.0931103
8325 0.109166 0.097418 -0.0178829 0.188702
8330 0.152458 0.125335 0.0109157 0.288709
8335 0.182497 0.146476 0.0311844 0.360157
8340 0.190021 0.149524 0.0463486 0.385893
8345 0.172183 0.13047 0.0650347 0.367688
8350 0.131599 0.0945576 0.0914876 0.317644
8355 0.0748629 0.0489289 0.122042 0.245833
8360 0.0111361 -0.002157 0.149437 0.158416
8365 -0.0485889 -0.0557467 0.169519 0.065183
8370 -0.0945233 -0.108931 0.183301 -0.0201535
8375 -0.121537 -0.158213 0.192993 -0.0867565
8380 -0.133624 -0.199664 0.196138 -0.137151
8385 -0.143268 -0.232418 0.186465 -0.189221
8390 -0.161121 -0.259283 0.159244 -0.26116
8395 -0.185925 -0.279853 0.115213 -0.350565
8400 -0.206588 -0.289112 0.0610203 -0.43468
8405 -0.21164 -0.284555 0.00661726 -0.489578
8410 -0.193745 -0.269352 -0.0393017 -0.502398
8415 -0.151172 -0.244648 -0.0737123 -0.469532
8420 -0.0885995 -0.204473 -0.0969386 -0.390011
8425 -0.0156744 -0.143675 -0.110276 -0.269626
8430 0.057208 -0.0668269 -0.116599 -0.126218
8435 0.12014 0.0160817 -0.118216 0.0180058
8440 0.163284 0.0968411 -0.10997 0.150155
8445 0.179181 0.170925 -0.0827906 0.267315
8450 0.167121 0.232544 -0.0373627 0.362302
8455 0.136045 0.271139 0.0164275 0.423612
8460 0.0989901 0.276685 0.0710845 0.446759
8465 0.0643557 0.242746 0.12625 0.433351
8470 0.0324032 0.166352 0.182398 0.381154
8475 0.00112447 0.0532714 0.233661 0.288057
8480 -0.0278017 -0.0770953 0.267888 0.162991
8485 -0.0509699 -0.195883 0.272899 0.0260461
8490 -0.0652347 -0.275505 0.245296 -0.0954438
8495 -0.066485 -0.300254 0.194233 -0.172506
8500 -0.0502479 -0.270463 0.133504 -0.187207
8505 -0.015117 -0.199132 0.0724275 -0.141822
8510 0.0344842 -0.105558 0.0135596 -0.0575145
8515 0.088709 -0.00945984 -0.0457729 0.0334763
8520 0.133485 0.072274 -0.107581 0.0981782
8525 0.155619 0.128496 -0.166672 0.117442
8530 0.151221 0.15584 -0.211636 0.0954247
8535 0.13043 0.157395 -0.231853 0.0559715
8540 0.10782 0.140761 -0.223369 0.0252114
8545 0.0909854 0.115613 -0.188621 0.0179771
8550 0.0793958 0.0907496 -0.132265 0.0378806
8555 0.0680017 0.0736733 -0.0619193 0.0797558
8560 0.0507635 0.069005 0.00776108 0.12753
8565 0.024523 0.0758126 0.0597677 0.160103
8570 -0.00938962 0.0898488 0.0839423 0.164401
8575 -0.0454062 0.107145 0.0783236 0.140062
8580 -0.077158 0.122481 0.0448183 0.0901411
8585 -0.101282 0.127046 -0.0113439 0.0144205
8590 -0.118355 0.112307 -0.0809062 -0.086954
8595 -0.130026 0.076246 -0.152877 -0.206657
8600 -0.134936 0.0234404 -0.215169 -0.326665
8605 -0.130278 -0.0369228 -0.25547 -0.422671
8610 -0.12004 -0.0941918 -0.264644 -0.478876
8615 -0.116579 -0.137773 -0.239149 -0.493501
8620 -0.127488 -0.156319 -0.182409 -0.466215
8625 -0.145569 -0.14362 -0.106572 -0.395762
8630 -0.152632 -0.105821 -0.0262456 -0.284699
8635 -0.13299 -0.0580279 0.0514393 -0.139579
8640 -0.0842279 -0.0143205 0.127806 0.0292574
8645 -0.0176491 0.0176939 0.205525 0.20557
8650 0.0494218 0.0392429 0.280084 0.368749
8655 0.101062 0.0569983 0.336867 0.494927
8660 0.124324 0.0727631 0.361718 0.558805
8665 0.111303 0.0828036 0.352288 0.546395
8670 0.062439 0.0880537 0.316977 0.46747
8675 -0.0126858 0.0963078 0.267413 0.351035
8680 -0.0999182 0.113397 0.212746 0.226225
8685 -0.183574 0.135999 0.158205 0.110631
8690 -0.24272 0.154675 0.107407 0.0193619
8695 -0.257048 0.161677 0.0679354 -0.0274356
8700 -0.217795 0.155064 0.050244 -0.0124862
8705 -0.128911 0.136944 0.0563641 0.0643978
8710 -0.00305698 0.107303 0.0748108 0.179057
8715 0.137291 0.0662562 0.0868709 0.290418
8720 0.26052 0.0213518 0.0779207 0.359793
8725 0.336204 -0.0129458 0.0438466 0.367105
8730 0.348562 -0.0253386 -0.0103899 0.312834
8735 0.301741 -0.0151474 -0.0737807 0.212813
8740 0.212102 0.0105487 -0.135273 0.0873772
8745 0.0964069 0.0421086 -0.188604 -0.0500884
8750 -0.0303049 0.0694521 -0.230141 -0.190994
8755 -0.151701 0.0835592 -0.254724 -0.322866
8760 -0.248642 0.080112 -0.255164 -0.423695
8765 -0.301857 0.0609374 -0.226195 -0.467115
8770 -0.301568 0.0297067 -0.167913 -0.439774
8775 -0.255466 -0.0112356 -0.0900922 -0.356794
8780 -0.184224 -0.0576044 -0.0108088 -0.252637
8785 -0.110364 -0.102701 0.0510685 -0.161996
8790 -0.0498865 -0.140322 0.0832599 -0.106949
8795 -0.00956178 -0.167124 0.0839766 -0.0927088
8800 0.0130712 -0.182137 0.0586082 -0.110458
8805 0.0279018 -0.183842 0.0121318 -0.143808
8810 0.04462 -0.170616 -0.0503875 -0.176383
8815 0.0635622 -0.141681 -0.117164 -0.195282
8820 0.078348 -0.0979595 -0.173223 -0.192835
8825 0.0856998 -0.0471078 -0.21156 -0.172968
8830 0.0887366 -0.00347305 -0.235265 -0.150001
8835 0.0929832 0.0217464 -0.249249 -0.134519
8840 0.0979119 0.0285682 -0.253942 -0.127461
8845 0.0925203 0.0282386 -0.246352 -0.125593
8850 0.0666713 0.0346276 -0.221425 -0.120126
8855 0.0234666 0.0514181 -0.174787 -0.0999025
8860 -0.0242082 0.0693292 -0.106455 -0.0613339
8865 -0.0640913 0.0761047 -0.0225631 -0.0105497
8870 -0.0873474 0.0665556 0.0667413 0.0459495
8875 -0.0902733 0.0438662 0.152065 0.105658
8880 -0.0792263 0.0155766 0.227019 0.163369
8885 -0.0666577 -0.0104399 0.285002 0.207904
8890 -0.0589865 -0.0278259 0.315389 0.228577
8895 -0.0533143 -0.0343075 0.308038 0.220416
8900 -0.0451659 -0.0324865 0.265211 0.187559
8905 -0.0353782 -0.0262795 0.204853 0.143195
8910 -0.0278955 -0.0180045 0.148819 0.102919
8915 -0.0275587 -0.00998447 0.107083 0.06954
8920 -0.0374671 -0.00488758 0.0755083 0.0331536
8925 -0.0561554 -0.00416295 0.0506018 -0.00971653
8930 -0.0774833 -0.00774701 0.0402747 -0.0449557
8935 -0.0949019 -0.0165103 0.0562721 -0.0551401
8940 -0.104546 -0.0309487 0.100189 -0.0353055
8945 -0.106048 -0.0484743 0.156972 0.00244965
8950 -0.10272 -0.062954 0.201574 0.0358999
8955 -0.0971377 -0.0666284 0.213025 0.0492592
8960 -0.0883016 -0.052737 0.184863 0.0438246
8965 -0.0738587 -0.0187357 0.125128 0.0325339
8970 -0.0514317 0.03021 0.0508465 0.0296248
8975 -0.0186048 0.0822866 -0.0192624 0.0444194
8980 0.0237636 0.125255 -0.0687668 0.0802514
8985 0.0684509 0.15202 -0.0867614 0.133709
8990 0.103844 0.162532 -0.073962 0.192414
8995 0.120285 0.160144 -0.0449019 0.235528
9000 0.115087 0.144115 -0.0214316 0.237771
9005 0.0889295 0.108824 -0.0205008 0.177253
9010 0.0426716 0.0524369 -0.0487173 0.0463912
9015 -0.0165669 -0.0175184 -0.102569 -0.136654
9020 -0.0731396 -0.0903847 -0.172443 -0.335967
9025 -0.11276 -0.157564 -0.247856 -0.518181
9030 -0.131273 -0.207421 -0.317547 -0.65624
9035 -0.131391 -0.225759 -0.365715 -0.722865
9040 -0.116369 -0.205522 -0.375338 -0.697229
9045 -0.0920257 -0.152768 -0.336762 -0.581555
9050 -0.0697341 -0.0837976 -0.25216 -0.405692
9055 -0.0575229 -0.0143638 -0.136162 -0.208049
9060 -0.0502673 0.0470333 -0.0125706 -0.0158047
9065 -0.0340913 0.0958347 0.0959228 0.157666
9070 0.000621869 0.1251 0.179011 0.304732
9075 0.0512167 0.127004 0.239034 0.417255
9080 0.105935 0.101502 0.280667 0.488103
9085 0.152621 0.0588452 0.301542 0.513008
9090 0.184744 0.0101637 0.295166 0.490074
9095 0.202177 -0.0385275 0.260947 0.424596
9100 0.207828 -0.0829721 0.20667 0.331525
9105 0.204519 -0.117273 0.142052 0.229299
9110 0.192651 -0.1375 0.0726027 0.127753
9115 0.172122 -0.144995 0.00119016 0.028318
9120 0.14377 -0.143031 -0.0682277 -0.0674889
9125 0.107025 -0.13357 -0.130418 -0.156964
9130 0.0614239 -0.116931 -0.180147 -0.235654
9135 0.0088704 -0.0929995 -0.21325 -0.297379
9140 -0.0452544 -0.062748 -0.229704 -0.337706
9145 -0.0939134 -0.0285065 -0.233889 -0.356309
9150 -0.131905 0.00526341 -0.227961 -0.354602
9155 -0.156422 0.0317952 -0.209712 -0.334338
9160 -0.165876 0.0440581 -0.179023 -0.300841
9165 -0.15667 0.0385962 -0.138149 -0.256222
9170 -0.122996 0.0170219 -0.087148 -0.193122
9175 -0.0629081 -0.014457 -0.0243898 -0.101755
9180 0.0154781 -0.0495771 0.0486382 0.0145392
9185 0.0963588 -0.0813427 0.124738 0.139754
9190 0.164623 -0.0987894 0.19312 0.258954
9195 0.209382 -0.0909388 0.2428 0.361243
9200 0.22288 -0.0526768 0.265841 0.436045
9205 0.201534 0.0108805 0.260437 0.472851
9210 0.151093 0.0837525 0.228127 0.462973
9215 0.0873551 0.14495 0.169901 0.402206
9220 0.027884 0.179018 0.0895845 0.296487
9225 -0.0159878 0.181211 -0.000933589 0.164289
9230 -0.0390792 0.152769 -0.080462 0.0332281
9235 -0.0387775 0.0978218 -0.126389 -0.0673447
9240 -0.0150032 0.0251981 -0.12622 -0.116026
9245 0.0253676 -0.049158 -0.0833436 -0.107134
9250 0.0697921 -0.10609 -0.0129973 -0.0492949
9255 0.106737 -0.134733 0.0650667 0.0370701
9260 0.12907 -0.138142 0.132308 0.123236
9265 0.133387 -0.126712 0.174163 0.180838
9270 0.119786 -0.109542 0.181689 0.191933
9275 0.0902211 -0.0909239 0.154035 0.153332
9280 0.0480166 -0.0725439 0.0978073 0.07328
9285 -0.000840744 -0.054313 0.022975 -0.0321787
9290 -0.0505931 -0.0323269 -0.0587202 -0.14164
9295 -0.0983609 -0.00129788 -0.131149 -0.230807
9300 -0.141683 0.0412562 -0.176845 -0.277271
9305 -0.174911 0.0917311 -0.186014 -0.269194
9310 -0.191715 0.140678 -0.163407 -0.214444
9315 -0.189078 0.179457 -0.125538 -0.135159
9320 -0.167416 0.205257 -0.0908594 -0.0530177
9325 -0.130584 0.218473 -0.0698973 0.0179917
9330 -0.0845818 0.218215 -0.0658605 0.0677722
9335 -0.0320193 0.20138 -0.080491 0.0888694
9340 0.0242385 0.167547 -0.113609 0.0781761
9345 0.0746199 0.122375 -0.161088 0.0359073
9350 0.110667 0.0746554 -0.215863 -0.0305407
9355 0.13258 0.0289133 -0.26894 -0.107446
9360 0.142295 -0.015191 -0.311292 -0.184188
9365 0.133662 -0.0546708 -0.335215 -0.256224
9370 0.0983118 -0.0814406 -0.334008 -0.317136
9375 0.0385559 -0.0904695 -0.301843 -0.353756
9380 -0.030299 -0.0854058 -0.237083 -0.352788
9385 -0.0882651 -0.073094 -0.148444 -0.309803
9390 -0.119836 -0.0569616 -0.0513117 -0.228109
9395 -0.121633 -0.0359766 0.0416994 -0.11591
9400 -0.102087 -0.00683334 0.123398 0.0144774
9405 -0.0707365 0.031206 0.188259 0.148729
9410 -0.0307583 0.0713461 0.228682 0.269269
9415 0.0144558 0.101646 0.235517 0.351619
9420 0.0540595 0.114636 0.205989 0.374685
9425 0.074536 0.110114 0.152384 0.337034
9430 0.0718644 0.0898861 0.0975497 0.2593
9435 0.0552476 0.0565467 0.0594666 0.171261
9440 0.0378254 0.0146647 0.0419483 0.0944384
9445 0.0241509 -0.0294597 0.039672 0.0343632
9450 0.00776736 -0.0686394 0.0487403 -0.0121317
9455 -0.0188598 -0.0978709 0.071296 -0.0454347
9460 -0.0567784 -0.115903 0.110623 -0.0620581
9465 -0.101324 -0.124786 0.16471 -0.0614
9470 -0.146207 -0.129825 0.223564 -0.0524679
9475 -0.185162 -0.138528 0.272505 -0.0511844
9480 -0.210466 -0.153592 0.29895 -0.0651081
9485 -0.216766 -0.171315 0.296378 -0.0917024
9490 -0.207212 -0.184909 0.266107 -0.126013
9495 -0.191731 -0.186728 0.217089 -0.16137
9500 -0.177941 -0.170852 0.161186 -0.187607
9505 -0.165775 -0.133685 0.108158 -0.191302
9510 -0.150928 -0.0748839 0.0635559 -0.162256
9515 -0.132561 -0.00110035 0.0306388 -0.103022
9520 -0.114156 0.0731698 0.0121144 -0.028872
9525 -0.0969343 0.131995 0.00726033 0.0423211
9530 -0.0770552 0.165783 0.0120302 0.100758
9535 -0.0507709 0.17089 0.0189613 0.13908
9540 -0.0160562 0.146627 0.0179281 0.148498
9545 0.0290302 0.0964717 0.00235711 0.127859
9550 0.0852876 0.0292292 -0.0276894 0.0868273
9555 0.148561 -0.0412637 -0.068458 0.0388393
9560 0.211403 -0.099795 -0.115682 -0.00407421
9565 0.26802 -0.135364 -0.165992 -0.0333361
9570 0.313463 -0.143106 -0.214985 -0.0446279
9575 0.342292 -0.123643 -0.253622 -0.0349734
9580 0.352415 -0.0824996 -0.269638 0.000277176
9585 0.346001 -0.0281182 -0.25289 0.0649927
9590 0.324688 0.0301276 -0.203434 0.151382
9595 0.289072 0.083611 -0.131904 0.240779
9600 0.243446 0.127108 -0.0505743 0.31998
9605 0.196324 0.161078 0.0314012 0.388803
9610 0.151523 0.18998 0.104605 0.446108
9615 0.105646 0.21536 0.157665 0.47867
9620 0.0551462 0.2325 0.184148 0.471793
9625 0.00175562 0.236622 0.188538 0.426916
9630 -0.046125 0.228254 0.182049 0.364178
9635 -0.0771168 0.210125 0.172413 0.305421
9640 -0.0863834 0.183231 0.158592 0.25544
9645 -0.079828 0.146557 0.131928 0.198657
9650 -0.0662886 0.0988521 0.0856619 0.118225
9655 -0.0484211 0.0411516 0.0260555 0.0187859
9660 -0.0246868 -0.0215192 -0.0294828 -0.0756888
9665 0.00462202 -0.0807457 -0.0657856 -0.141909
9670 0.0357857 -0.127713 -0.077926 -0.169853
9675 0.0632943 -0.155588 -0.0672889 -0.159582
9680 0.0836636 -0.158869 -0.0380137 -0.113219
9685 0.0962182 -0.135207 0.00207386 -0.0369145
9690 0.101511 -0.0864784 0.0428916 0.0579242
9695 0.1007 -0.0166907 0.0770182 0.161027
9700 0.095297 0.0684598 0.101033 0.26479
9705 0.0860686 0.159548 0.112647 0.358263
9710 0.0729706 0.244213 0.109089 0.426273
9715 0.0560742 0.309182 0.0883957 0.453652
9720 0.0353528 0.341447 0.0499347 0.426734
9725 0.00962235 0.334681 -0.00439355 0.339909
9730 -0.0210845 0.292998 -0.0670236 0.20489
9735 -0.0540296 0.226629 -0.12469 0.0479086
9740 -0.0868376 0.146236 -0.164705 -0.105307
9745 -0.119822 0.0609798 -0.182258 -0.2411
9750 -0.154031 -0.0203563 -0.179166 -0.353553
9755 -0.187383 -0.0892014 -0.15702 -0.433605
9760 -0.213374 -0.141002 -0.117997 -0.472374
9765 -0.225553 -0.175497 -0.070575 -0.471624
9770 -0.221674 -0.193156 -0.0270641 -0.441895
9775 -0.20103 -0.195081 0.00258817 -0.393523
9780 -0.16107 -0.185185 0.0115844 -0.334671
9785 -0.099176 -0.168783 -0.00321429 -0.271173
9790 -0.0178796 -0.149983 -0.0388732 -0.206736
9795 0.0738208 -0.134187 -0.0848739 -0.14524
9800 0.162646 -0.126325 -0.125581 -0.0892602
9805 0.231464 -0.124063 -0.148672 -0.0412708
9810 0.263288 -0.119629 -0.148956 -0.00529692
9815 0.247685 -0.106054 -0.124389 0.0172419
9820 0.182996 -0.0775801 -0.0731496 0.0322663
9825 0.0782754 -0.0316979 0.00509645 0.051674
9830 -0.0441964 0.0269812 0.104094 0.0868789
9835 -0.153704 0.0894039 0.207504 0.143204
9840 -0.223202 0.145152 0.292676 0.214625
9845 -0.238013 0.185439 0.340636 0.288062
9850 -0.19929 0.206091 0.344404 0.351204
9855 -0.121675 0.205839 0.309795 0.393959
9860 -0.0247018 0.184341 0.249285 0.408924
9865 0.0720925 0.143452 0.175361 0.390906
9870 0.148741 0.0882538 0.0965289 0.333524
9875 0.188912 0.0278212 0.0196127 0.236346
9880 0.186589 -0.0257207 -0.0479969 0.112871
9885 0.145425 -0.0617198 -0.100589 -0.0168842
9890 0.0744622 -0.0731028 -0.137054 -0.135695
9895 -0.0119024 -0.0582924 -0.163854 -0.234049
9900 -0.0949693 -0.0277929 -0.19036 -0.313122
9905 -0.158032 -0.00246127 -0.217094 -0.377587
9910 -0.189545 -6.63225e-05 -0.233021 -0.422633
9915 -0.182838 -0.0262886 -0.227132 -0.436259
9920 -0.140674 -0.0761531 -0.200163 -0.416989
9925 -0.0788087 -0.137105 -0.163618 -0.379532
9930 -0.0200776 -0.193636 -0.129116 -0.34283
9935 0.0172831 -0.23402 -0.0990051 -0.315742
9940 0.0286892 -0.252349 -0.0685661 -0.292226
9945 0.0229237 -0.248597 -0.0348947 -0.260568
9950 0.0130009 -0.227043 0.000725857 -0.213316
9955 0.00792446 -0.19405 0.0346903 -0.151436
9960 0.0116592 -0.159492 0.0630769 -0.0847558
9965 0.0262225 -0.133637 0.0842242 -0.0231903
9970 0.0513315 -0.119756 0.101195 0.03277
9975 0.0816792 -0.112335 0.116224 0.0855686
9980 0.109126 -0.104106 0.12367 0.12869
9985 0.12558 -0.0936966 0.112022 0.143905
9990 0.123739 -0.0848589 0.0756684 0.114549
9995 0.101234 -0.079759 0.022093 0.043568
10000 0.0652134 -0.0739314 -0.0343096 -0.0430276
