# Time-averaged data for fix out_vacf
Step VACF_x VACF_y VACF_z VACF_total
0 6.36926 6.64289 6.35876 19.3709
5 6.05056 6.34667 6.08239 18.4796
10 5.20646 5.51571 5.29648 16.0186
15 3.96728 4.27696 4.11447 12.3587
20 2.51276 2.80224 2.69762 8.01262
25 1.03811 1.27586 1.22783 3.5418
30 -0.27936 -0.131346 -0.12296 -0.533666
35 -1.3074 -1.28464 -1.22108 -3.81313
40 -1.97939 -2.0996 -1.98752 -6.06652
45 -2.2962 -2.54777 -2.40276 -7.24673
50 -2.31085 -2.65313 -2.50118 -7.46517
55 -2.11104 -2.48279 -2.35421 -6.94804
60 -1.79788 -2.13107 -2.04995 -5.9789
65 -1.46095 -1.70021 -1.67657 -4.83774
70 -1.16315 -1.28263 -1.31193 -3.7577
75 -0.941261 -0.943481 -1.01356 -2.8983
80 -0.811003 -0.70944 -0.805632 -2.32607
85 -0.767113 -0.579125 -0.679929 -2.02617
90 -0.783272 -0.53866 -0.613753 -1.93568
95 -0.819539 -0.56239 -0.586298 -1.96823
100 -0.834501 -0.610645 -0.579762 -2.02491
105 -0.796675 -0.639916 -0.573962 -2.01055
110 -0.693804 -0.619842 -0.548246 -1.86189
115 -0.537041 -0.544919 -0.490976 -1.57293
120 -0.353723 -0.430451 -0.406314 -1.19049
125 -0.174097 -0.299248 -0.309239 -0.782584
130 -0.0256189 -0.170705 -0.215911 -0.412235
135 0.0699779 -0.0592784 -0.138893 -0.128193
140 0.102376 0.0209195 -0.0842528 0.0390423
145 0.0753235 0.0573933 -0.0496059 0.0831108
150 0.00408904 0.0474853 -0.0269262 0.0246481
155 -0.0872042 -0.000360165 -0.00979108 -0.0973554
160 -0.169779 -0.0728088 0.00247621 -0.240111
165 -0.217688 -0.156747 0.00926806 -0.365167
170 -0.213663 -0.239011 0.0135755 -0.439098
175 -0.154169 -0.305135 0.0190697 -0.440234
180 -0.053214 -0.3412 0.0237955 -0.370618
185 0.0615689 -0.338389 0.0214204 -0.2554
190 0.16203 -0.297543 0.00809586 -0.127417
195 0.228457 -0.22825 -0.015286 -0.0150793
200 0.24843 -0.145931 -0.0434671 0.0590311
205 0.217409 -0.0685953 -0.0693413 0.0794728
210 0.140111 -0.00982588 -0.086947 0.0433379
215 0.0320236 0.0285682 -0.0925102 -0.0319184
220 -0.0834463 0.0563703 -0.0861651 -0.113241
225 -0.18335 0.0842133 -0.0695523 -0.168689
230 -0.250656 0.113675 -0.0411243 -0.178105
235 -0.277802 0.142555 0.00280144 -0.132446
240 -0.265673 0.170889 0.0623097 -0.0324742
245 -0.221215 0.196661 0.131077 0.106524
250 -0.159533 0.214466 0.196986 0.251919
255 -0.102008 0.220878 0.245662 0.364532
260 -0.0661297 0.215542 0.265503 0.414915
265 -0.0563135 0.197549 0.250397 0.391632
270 -0.0640782 0.167168 0.200895 0.303985
275 -0.0790457 0.130822 0.125791 0.177567
280 -0.092952 0.0979369 0.0400815 0.0450663
285 -0.0937662 0.0726984 -0.0401674 -0.0612353
290 -0.0681434 0.0533151 -0.100609 -0.115437
295 -0.0131859 0.0374988 -0.133952 -0.109639
300 0.0577558 0.0255119 -0.14355 -0.0602819
305 0.122341 0.0172434 -0.138399 0.00118521
310 0.162758 0.00870856 -0.127869 0.0435969
315 0.171529 -0.00641209 -0.119907 0.0452092
320 0.149559 -0.0309803 -0.119815 -0.0012368
325 0.10479 -0.0606532 -0.12874 -0.0846039
330 0.0487425 -0.0876242 -0.142449 -0.181331
335 -0.0074026 -0.103107 -0.155939 -0.266449
340 -0.0522804 -0.100371 -0.164357 -0.317009
345 -0.074486 -0.080907 -0.161346 -0.316739
350 -0.0677429 -0.0550667 -0.14523 -0.268039
355 -0.03498 -0.0368664 -0.122113 -0.19396
360 0.0117031 -0.0379303 -0.100341 -0.126568
365 0.0558091 -0.0599962 -0.0850352 -0.0892223
370 0.0861838 -0.0926928 -0.0760984 -0.0826074
375 0.101047 -0.120562 -0.0673407 -0.0868552
380 0.10419 -0.134157 -0.0499899 -0.0799565
385 0.100394 -0.134401 -0.0208037 -0.0548103
390 0.0929596 -0.125599 0.0140831 -0.0185559
395 0.085217 -0.10852 0.0458502 0.0225472
400 0.0824856 -0.0820585 0.0694199 0.0698471
405 0.0875417 -0.0485607 0.0834762 0.122457
410 0.0948442 -0.0143954 0.0886154 0.169064
415 0.0949483 0.0153818 0.0876844 0.198015
420 0.0826189 0.041648 0.087012 0.211279
425 0.057295 0.0649116 0.0919016 0.214108
430 0.0205623 0.0783852 0.10023 0.199178
435 -0.0227364 0.0699886 0.10427 0.151522
440 -0.0655958 0.0310953 0.0961265 0.0616259
445 -0.105593 -0.0343409 0.0721717 -0.0677624
450 -0.145835 -0.110395 0.0340548 -0.222174
455 -0.187148 -0.180638 -0.0154655 -0.383251
460 -0.220742 -0.235585 -0.0765676 -0.532895
465 -0.231666 -0.27136 -0.148127 -0.651152
470 -0.211519 -0.284066 -0.219903 -0.715487
475 -0.165962 -0.271025 -0.272608 -0.709596
480 -0.107263 -0.233918 -0.287964 -0.629146
485 -0.0442644 -0.175089 -0.26011 -0.479463
490 0.0181518 -0.0959961 -0.197276 -0.275121
495 0.073643 -0.00272554 -0.114224 -0.0433061
500 0.114471 0.0903789 -0.0247989 0.180051
505 0.139773 0.165947 0.0599279 0.365648
510 0.157667 0.21119 0.129895 0.498752
515 0.177636 0.222041 0.176117 0.575794
520 0.20007 0.203052 0.19287 0.595991
525 0.211744 0.162824 0.177455 0.552024
530 0.198979 0.110522 0.131491 0.440992
535 0.162631 0.0557266 0.0615452 0.279902
540 0.116192 0.00933431 -0.0208446 0.104681
545 0.0730663 -0.0189445 -0.101421 -0.0472991
550 0.039154 -0.0242169 -0.165925 -0.150988
555 0.0162821 -0.00474104 -0.203783 -0.192242
560 0.00897256 0.0377099 -0.212402 -0.165719
565 0.0222964 0.0947182 -0.197157 -0.0801424
570 0.0507969 0.152917 -0.16404 0.0396736
575 0.0775143 0.200042 -0.116419 0.161137
580 0.0853627 0.228348 -0.061046 0.252665
585 0.0672646 0.233583 -0.0113411 0.289507
590 0.0279487 0.213067 0.0202306 0.261246
595 -0.0181631 0.166222 0.0292468 0.177306
600 -0.0551966 0.0967251 0.0165534 0.0580818
605 -0.0755472 0.0148329 -0.0149397 -0.0756541
610 -0.0837069 -0.0622141 -0.0560775 -0.201998
615 -0.0888879 -0.117643 -0.0910781 -0.297609
620 -0.0951582 -0.14569 -0.104908 -0.345756
625 -0.0987077 -0.15044 -0.0904912 -0.339639
630 -0.0903968 -0.135154 -0.0516523 -0.277203
635 -0.0623002 -0.100721 0.000294863 -0.162726
640 -0.0170016 -0.051586 0.0517883 -0.0167993
645 0.0341249 0.000524998 0.0900234 0.124673
650 0.0795287 0.0406138 0.105889 0.226031
655 0.110339 0.0593286 0.0973195 0.266987
660 0.11693 0.056411 0.0691887 0.24253
665 0.0902799 0.0350686 0.0285978 0.153946
670 0.0298414 -0.00328056 -0.0187359 0.00782501
675 -0.0527419 -0.0566079 -0.0647561 -0.174106
680 -0.141119 -0.118612 -0.0941209 -0.353852
685 -0.220686 -0.17686 -0.0924322 -0.489978
690 -0.27772 -0.215017 -0.0583388 -0.551076
695 -0.298869 -0.222275 -0.00355716 -0.524701
700 -0.277261 -0.202328 0.0550047 -0.424584
705 -0.218114 -0.170385 0.102262 -0.286236
710 -0.134556 -0.141514 0.12813 -0.14794
715 -0.0398646 -0.122121 0.12867 -0.0333157
720 0.0564103 -0.109261 0.104712 0.0518619
725 0.14956 -0.0959134 0.0600595 0.113707
730 0.231575 -0.0811371 0.00260164 0.15304
735 0.283937 -0.0687275 -0.0552507 0.159959
740 0.288958 -0.0562988 -0.100475 0.132184
745 0.245674 -0.0359375 -0.12524 0.0844969
750 0.169586 -0.00393707 -0.127946 0.0377029
755 0.0807434 0.0346875 -0.10831 0.00712078
760 -0.00827039 0.0729225 -0.0669062 -0.00225405
765 -0.094616 0.105404 -0.0111002 -0.000312412
770 -0.171484 0.126345 0.0440067 -0.00113207
775 -0.223837 0.132452 0.083014 -0.00837044
780 -0.240453 0.12677 0.098682 -0.0150019
785 -0.221836 0.115501 0.0897577 -0.016577
790 -0.174589 0.101752 0.057997 -0.0148403
795 -0.104578 0.0839146 0.00974506 -0.0109187
800 -0.016946 0.0600116 -0.0455084 -0.00244282
805 0.0794396 0.030937 -0.097867 0.0125096
810 0.17066 -0.00163926 -0.138098 0.0309229
815 0.242414 -0.0358601 -0.157646 0.0489074
820 0.284081 -0.0663108 -0.150574 0.0671963
825 0.291981 -0.0845269 -0.116285 0.0911694
830 0.269645 -0.0833062 -0.0596708 0.126668
835 0.223863 -0.061622 0.00711234 0.169354
840 0.162836 -0.0245105 0.0676856 0.206011
845 0.095621 0.0204979 0.111345 0.227464
850 0.0290819 0.0669114 0.135266 0.231259
855 -0.0319436 0.110169 0.139926 0.218151
860 -0.0820036 0.145987 0.12589 0.189874
865 -0.116257 0.169533 0.0955519 0.148828
870 -0.1345 0.179335 0.0546051 0.0994408
875 -0.14349 0.176934 0.0130128 0.0464565
880 -0.14929 0.160981 -0.0170018 -0.00531102
885 -0.148675 0.126186 -0.0284308 -0.0509199
890 -0.131866 0.0669556 -0.0243323 -0.0892425
895 -0.0948014 -0.0152104 -0.0116087 -0.12162
900 -0.0460024 -0.107527 0.00926882 -0.144261
905 0.000416052 -0.189184 0.045645 -0.143122
910 0.0369577 -0.240644 0.102497 -0.101189
915 0.0648922 -0.251827 0.175856 -0.0110788
920 0.0841356 -0.22367 0.252017 0.112483
925 0.0873405 -0.164951 0.309879 0.232268
930 0.0702202 -0.0906814 0.330708 0.310247
935 0.0430136 -0.020311 0.307939 0.330641
940 0.0241982 0.0272579 0.247392 0.298848
945 0.0231015 0.042226 0.164827 0.230155
950 0.0328124 0.0277043 0.0815157 0.142032
955 0.0397668 -0.00285783 0.0125487 0.0494576
960 0.0370841 -0.0344645 -0.0401724 -0.0375528
965 0.0258793 -0.0588316 -0.0827241 -0.115676
970 0.00554122 -0.074878 -0.119671 -0.189008
975 -0.0297847 -0.0821646 -0.150382 -0.262331
980 -0.0830614 -0.0755751 -0.172974 -0.33161
985 -0.147423 -0.0505702 -0.187842 -0.385836
990 -0.206819 -0.0109154 -0.19525 -0.412984
995 -0.245117 0.0342414 -0.192416 -0.403292
1000 -0.253106 0.0762606 -0.176155 -0.353001
1005 -0.228169 0.107713 -0.149524 -0.26998
1010 -0.174036 0.121879 -0.121692 -0.173848
1015 -0.100779 0.114065 -0.100331 -0.0870446
1020 -0.023994 0.0862442 -0.0864796 -0.0242294
1025 0.0384867 0.0497104 -0.0765301 0.011667
1030 0.0742559 0.0190518 -0.0643483 0.0289594
1035 0.082077 -9.78703e-06 -0.0447047 0.0373625
1040 0.0700103 -0.0119342 -0.018377 0.0396991
1045 0.0472132 -0.0191823 0.0088079 0.0368388
1050 0.0215514 -0.0176509 0.0293887 0.0332892
1055 0.0059123 -0.00288026 0.0382473 0.0412793
1060 0.0139651 0.0251915 0.0379144 0.077071
1065 0.0463763 0.060122 0.0379082 0.144406
1070 0.089994 0.0925486 0.0467933 0.229336
1075 0.130208 0.119164 0.0653983 0.314771
1080 0.161462 0.143769 0.0866912 0.391922
1085 0.188611 0.170588 0.10461 0.463808
1090 0.219834 0.201539 0.121683 0.543056
1095 0.256584 0.238312 0.142493 0.637388
1100 0.291634 0.279889 0.164849 0.736372
1105 0.312272 0.317094 0.183597 0.812963
1110 0.306461 0.333554 0.192748 0.832763
1115 0.269956 0.315336 0.186247 0.771539
1120 0.208626 0.259564 0.162794 0.630984
1125 0.132585 0.174359 0.125104 0.432049
1130 0.0512314 0.0724325 0.0794892 0.203153
1135 -0.0239359 -0.0332463 0.0337185 -0.0234637
1140 -0.0775276 -0.12904 -0.00625301 -0.21282
1145 -0.100323 -0.201937 -0.0361333 -0.338393
1150 -0.0973655 -0.243662 -0.0537515 -0.394779
1155 -0.0811236 -0.257414 -0.0622346 -0.400772
1160 -0.0625939 -0.256934 -0.0701833 -0.389711
1165 -0.0485305 -0.253631 -0.0844193 -0.38658
1170 -0.0435383 -0.246502 -0.102873 -0.392913
1175 -0.0549333 -0.227937 -0.118482 -0.401352
1180 -0.0864359 -0.196643 -0.127814 -0.410893
1185 -0.127719 -0.160152 -0.134252 -0.422124
1190 -0.159429 -0.129104 -0.145301 -0.433834
1195 -0.167768 -0.110148 -0.163551 -0.441467
1200 -0.150745 -0.101089 -0.182466 -0.434301
1205 -0.116268 -0.0924936 -0.192341 -0.401103
1210 -0.0765641 -0.0742118 -0.189891 -0.340667
1215 -0.0428604 -0.041349 -0.183222 -0.267431
1220 -0.025146 0.00114946 -0.181038 -0.205035
1225 -0.0328108 0.0411502 -0.176411 -0.168072
1230 -0.0688126 0.0668658 -0.152587 -0.154534
1235 -0.125038 0.0692863 -0.105128 -0.16088
1240 -0.187334 0.0468699 -0.0484498 -0.188913
1245 -0.241641 0.00676542 -0.00211876 -0.236994
1250 -0.275231 -0.0410745 0.0245528 -0.291753
1255 -0.279076 -0.0884942 0.0366968 -0.330873
1260 -0.252116 -0.128232 0.0423969 -0.337951
1265 -0.200285 -0.15144 0.0419404 -0.309785
1270 -0.13014 -0.147171 0.0323313 -0.244979
1275 -0.0466747 -0.107621 0.0150957 -0.1392
1280 0.045256 -0.0370367 -0.00670666 0.00151258
1285 0.139134 0.049411 -0.0323079 0.156237
1290 0.222024 0.134809 -0.0571121 0.299721
1295 0.273731 0.205526 -0.0723535 0.406904
1300 0.275851 0.25309 -0.0689982 0.459943
1305 0.225655 0.275895 -0.0410795 0.46047
1310 0.13944 0.277496 0.0093796 0.426316
1315 0.0431265 0.263665 0.0719667 0.378758
1320 -0.0404582 0.238981 0.133259 0.331782
1325 -0.102648 0.202965 0.181121 0.281438
1330 -0.14665 0.151139 0.211379 0.215868
1335 -0.175119 0.0788703 0.229364 0.133115
1340 -0.182548 -0.0145017 0.240268 0.0432191
1345 -0.159546 -0.121504 0.242221 -0.0388301
1350 -0.103431 -0.228971 0.232055 -0.100348
1355 -0.0231444 -0.326185 0.214131 -0.135198
1360 0.0668645 -0.407727 0.197644 -0.143218
1365 0.153559 -0.468232 0.185666 -0.129006
1370 0.221861 -0.499945 0.171699 -0.106385
1375 0.253826 -0.496995 0.148162 -0.0950071
1380 0.238219 -0.459797 0.115439 -0.106139
1385 0.176206 -0.392793 0.0797983 -0.136789
1390 0.0793511 -0.299545 0.0482685 -0.171926
1395 -0.0319505 -0.183845 0.0275029 -0.188292
1400 -0.130744 -0.0549573 0.0211165 -0.164585
1405 -0.195415 0.073475 0.0256339 -0.0963067
1410 -0.223026 0.189281 0.0285249 -0.00521941
1415 -0.226601 0.284772 0.0159351 0.0741061
1420 -0.218755 0.354387 -0.0159467 0.119685
1425 -0.200042 0.395445 -0.060158 0.135246
1430 -0.162613 0.409931 -0.106433 0.140885
1435 -0.104598 0.400517 -0.146468 0.149451
1440 -0.0365737 0.366352 -0.172564 0.157215
1445 0.0295086 0.307044 -0.175618 0.160935
1450 0.0913569 0.227186 -0.148815 0.169728
1455 0.15428 0.135634 -0.096683 0.193231
1460 0.220719 0.0438347 -0.0373454 0.227209
1465 0.281589 -0.0361949 0.00926915 0.254664
1470 0.319189 -0.0978328 0.0356012 0.256957
1475 0.321519 -0.142847 0.0478402 0.226512
1480 0.291377 -0.176184 0.0539983 0.16919
1485 0.239995 -0.200318 0.0572183 0.0968961
1490 0.175156 -0.212503 0.0595063 0.0221595
1495 0.100087 -0.208473 0.065219 -0.043167
1500 0.0229551 -0.186162 0.0775482 -0.0856587
1505 -0.0391088 -0.143156 0.0920702 -0.0901945
1510 -0.0709385 -0.0795578 0.099786 -0.0507102
1515 -0.072071 -0.0045103 0.0953919 0.0188106
1520 -0.0532482 0.0664295 0.081076 0.0942573
1525 -0.0247752 0.120361 0.0624916 0.158077
1530 0.00935967 0.152838 0.0430396 0.205237
1535 0.0503075 0.166206 0.0249025 0.241416
1540 0.0979853 0.165329 0.0113691 0.274683
1545 0.144927 0.155901 0.00580531 0.306634
1550 0.178308 0.141759 0.00802235 0.328089
1555 0.186738 0.123042 0.0116207 0.321401
1560 0.166165 0.0987775 0.00706482 0.272008
1565 0.118582 0.0709 -0.00912612 0.180356
1570 0.0512705 0.0433017 -0.0317053 0.0628669
1575 -0.0243586 0.0191616 -0.0521574 -0.0573544
1580 -0.09644 0.00175191 -0.063473 -0.158161
1585 -0.15529 -0.00437395 -0.0606071 -0.220271
1590 -0.193923 0.00258221 -0.0422098 -0.233551
1595 -0.208149 0.0165754 -0.0129777 -0.204551
1600 -0.198732 0.0268792 0.0179301 -0.153923
1605 -0.171554 0.023976 0.0399183 -0.10766
1610 -0.134517 0.0021938 0.0460581 -0.086265
1615 -0.0999685 -0.0391281 0.0382648 -0.100832
1620 -0.0826993 -0.0956466 0.0223731 -0.155973
1625 -0.0896919 -0.158204 -0.000272318 -0.248168
1630 -0.114996 -0.21178 -0.0317957 -0.358572
1635 -0.144215 -0.239692 -0.0718831 -0.45579
1640 -0.163311 -0.233302 -0.115915 -0.512528
1645 -0.164121 -0.195773 -0.157445 -0.517339
1650 -0.143738 -0.134786 -0.191809 -0.470333
1655 -0.101472 -0.0564197 -0.218506 -0.376398
1660 -0.0383045 0.0310029 -0.240243 -0.247544
1665 0.0386566 0.113647 -0.258481 -0.106178
1670 0.114597 0.177192 -0.269395 0.0223938
1675 0.1738 0.213319 -0.266518 0.120602
1680 0.207339 0.220234 -0.245624 0.18195
1685 0.213223 0.200706 -0.207402 0.206527
1690 0.193704 0.160108 -0.155479 0.198333
1695 0.15437 0.107119 -0.092756 0.168733
1700 0.103385 0.052275 -0.0218536 0.133806
1705 0.04914 0.00473271 0.0508447 0.104717
1710 -0.00276674 -0.0284554 0.113827 0.0826052
1715 -0.0485707 -0.0436034 0.1542 0.0620258
1720 -0.0827364 -0.0418024 0.165911 0.0413721
1725 -0.0968522 -0.0294256 0.154704 0.0284261
1730 -0.0854605 -0.0159423 0.132332 0.030929
1735 -0.0552603 -0.0113871 0.108135 0.0414872
1740 -0.0265566 -0.0257167 0.089489 0.0372158
1745 -0.0214911 -0.0643338 0.0824111 -0.00341379
1750 -0.0482412 -0.123126 0.089293 -0.0820745
1755 -0.0977749 -0.189808 0.107957 -0.179627
1760 -0.153117 -0.248111 0.130548 -0.27068
1765 -0.198192 -0.279596 0.143726 -0.334062
1770 -0.220696 -0.271612 0.136095 -0.356213
1775 -0.211089 -0.226976 0.105367 -0.332698
1780 -0.163985 -0.160027 0.0576718 -0.26634
1785 -0.0852149 -0.0842053 0.000749845 -0.16867
1790 0.00720259 -0.00533327 -0.0603876 -0.0585183
1795 0.0920921 0.0752137 -0.120786 0.0465194
1800 0.154979 0.155328 -0.1713 0.139008
1805 0.191009 0.227911 -0.198594 0.220326
1810 0.201831 0.283828 -0.194043 0.291616
1815 0.191597 0.317001 -0.160734 0.347863
1820 0.166166 0.32259 -0.107969 0.380787
1825 0.134438 0.294488 -0.0447239 0.384202
1830 0.107904 0.228104 0.0217696 0.357777
1835 0.0947587 0.127957 0.0849813 0.307697
1840 0.0927294 0.0128057 0.135732 0.241267
1845 0.0900552 -0.0901099 0.1647 0.164645
1850 0.076325 -0.160217 0.169288 0.0853959
1855 0.0503362 -0.192536 0.151309 0.00910994
1860 0.0200363 -0.193718 0.110577 -0.0631046
1865 -0.00352284 -0.172807 0.045981 -0.130348
1870 -0.0136332 -0.134653 -0.0395181 -0.187805
1875 -0.0117174 -0.0815935 -0.136509 -0.22982
1880 -0.00444565 -0.020722 -0.229197 -0.254365
1885 0.00394681 0.0342096 -0.298347 -0.260191
1890 0.0122085 0.069827 -0.32947 -0.247434
1895 0.0168622 0.0827498 -0.319436 -0.219824
1900 0.0115032 0.0823347 -0.273209 -0.179371
1905 -0.0130498 0.0836231 -0.198108 -0.127534
1910 -0.0632751 0.0943679 -0.103244 -0.072151
1915 -0.133401 0.10984 -0.00222477 -0.025786
1920 -0.207807 0.119157 0.0862774 -0.00237258
1925 -0.273497 0.115013 0.145918 -0.0125656
1930 -0.326037 0.100355 0.171906 -0.0537756
1935 -0.36275 0.0820767 0.173102 -0.107571
1940 -0.375949 0.0597627 0.163235 -0.152951
1945 -0.354589 0.0289068 0.149583 -0.176099
1950 -0.291557 -0.0116898 0.130081 -0.173166
1955 -0.190576 -0.0610856 0.104071 -0.147591
1960 -0.0657579 -0.117869 0.0789438 -0.104683
1965 0.0654832 -0.177962 0.0642454 -0.0482337
1970 0.187673 -0.23287 0.061622 0.0164247
1975 0.288003 -0.269496 0.0631196 0.081627
1980 0.353811 -0.273136 0.0601444 0.140819
1985 0.3723 -0.234791 0.0513669 0.188875
1990 0.335388 -0.158236 0.0391959 0.216347
1995 0.249539 -0.0575558 0.0231801 0.215164
2000 0.139053 0.0521572 -0.00121813 0.189992
2005 0.0335671 0.159599 -0.0394018 0.153764
2010 -0.0473896 0.255515 -0.0894656 0.11866
2015 -0.0955968 0.328925 -0.139274 0.0940542
2020 -0.105919 0.368143 -0.172217 0.0900068
2025 -0.073101 0.366547 -0.175089 0.118357
2030 -0.000741425 0.326127 -0.14742 0.177965
2035 0.0910226 0.255203 -0.102427 0.243799
2040 0.171982 0.167197 -0.0532472 0.285932
2045 0.217282 0.0798854 -0.00386476 0.293302
2050 0.219855 0.00958922 0.0457051 0.27515
2055 0.188075 -0.0327182 0.0932331 0.24859
2060 0.131889 -0.0442986 0.132953 0.220543
2065 0.0579766 -0.0312804 0.157416 0.184112
2070 -0.0245223 -0.00543598 0.161826 0.131868
2075 -0.101774 0.0214861 0.14771 0.0674214
2080 -0.160814 0.0429797 0.125435 0.00760063
2085 -0.197647 0.0578417 0.108865 -0.0309401
2090 -0.216625 0.0633828 0.106504 -0.0467384
2095 -0.222888 0.051072 0.117763 -0.054053
2100 -0.218857 0.0142272 0.135354 -0.0692755
2105 -0.206869 -0.0412006 0.149479 -0.0985906
2110 -0.194066 -0.102236 0.150016 -0.146286
2115 -0.188757 -0.162071 0.128477 -0.222352
2120 -0.193685 -0.219239 0.0811349 -0.331788
2125 -0.20598 -0.269043 0.0128578 -0.462164
2130 -0.220316 -0.300637 -0.0632097 -0.584163
2135 -0.230352 -0.303277 -0.129686 -0.663315
2140 -0.228798 -0.276823 -0.170835 -0.676456
2145 -0.208481 -0.231604 -0.176935 -0.61702
2150 -0.164197 -0.176638 -0.14779 -0.488625
2155 -0.0943662 -0.11247 -0.0947202 -0.301556
2160 -0.00679337 -0.0349115 -0.0352076 -0.0769124
2165 0.0793381 0.0540857 0.0170168 0.150441
2170 0.144775 0.139574 0.0565981 0.340947
2175 0.183677 0.200155 0.082939 0.466771
2180 0.200436 0.221439 0.0959158 0.517791
2185 0.20016 0.201703 0.0936514 0.495514
2190 0.185995 0.147853 0.0732805 0.407129
2195 0.160432 0.0716922 0.0352962 0.26742
2200 0.129104 -0.0122678 -0.0116037 0.105232
2205 0.100261 -0.0886433 -0.0509709 -0.0393537
2210 0.0775514 -0.144036 -0.0674186 -0.133903
2215 0.0581591 -0.169414 -0.0560033 -0.167259
2220 0.0394915 -0.161846 -0.0237394 -0.146094
2225 0.0224977 -0.127152 0.0186659 -0.0859886
2230 0.00854428 -0.077285 0.0642416 -0.0044991
2235 -0.00485619 -0.0259809 0.108634 0.077797
2240 -0.0239703 0.0113714 0.144971 0.132373
2245 -0.0525152 0.0217799 0.163566 0.13283
2250 -0.0865633 0.00415688 0.159026 0.0766192
2255 -0.116308 -0.0263887 0.133016 -0.00968066
2260 -0.132881 -0.0509378 0.0913941 -0.0924249
2265 -0.132889 -0.0606534 0.0419865 -0.151556
2270 -0.116573 -0.0555822 -0.00556354 -0.177719
2275 -0.0870208 -0.0372174 -0.0404684 -0.164707
2280 -0.0501445 -0.0062585 -0.0531998 -0.109603
2285 -0.0100576 0.034073 -0.0408909 -0.0168755
2290 0.0344351 0.0764198 -0.00860095 0.102254
2295 0.081745 0.111941 0.0361188 0.229805
2300 0.12148 0.133149 0.0853637 0.339993
2305 0.140894 0.135511 0.132599 0.409004
2310 0.135978 0.117054 0.172656 0.425688
2315 0.114168 0.0776642 0.197499 0.389331
2320 0.0880272 0.0232216 0.199634 0.310883
2325 0.0653259 -0.0298852 0.177969 0.21341
2330 0.0447253 -0.0594335 0.136086 0.121378
2335 0.0216174 -0.0504005 0.0770515 0.0482684
2340 -0.0016094 -0.00563527 0.0022533 -0.00499137
2345 -0.0126423 0.0581159 -0.0847158 -0.0392421
2350 0.00120996 0.124435 -0.176593 -0.0509488
2355 0.0407188 0.185902 -0.263282 -0.0366614
2360 0.0950237 0.240439 -0.333962 0.00150096
2365 0.150478 0.280827 -0.381586 0.0497194
2370 0.195047 0.293187 -0.403729 0.0845049
2375 0.221441 0.267774 -0.397306 0.0919085
2380 0.228173 0.208647 -0.360134 0.0766867
2385 0.216468 0.129828 -0.300034 0.0462625
2390 0.187304 0.0471246 -0.233667 0.000761167
2395 0.143012 -0.0250028 -0.174173 -0.0561634
2400 0.0874879 -0.0767994 -0.123559 -0.112871
2405 0.0252108 -0.102422 -0.0732396 -0.150451
2410 -0.0369653 -0.102477 -0.0130373 -0.15248
2415 -0.0915707 -0.0875202 0.0594927 -0.119598
2420 -0.132761 -0.0729263 0.137174 -0.0685129
2425 -0.157628 -0.0720016 0.209071 -0.0205584
2430 -0.167845 -0.093514 0.266959 0.00560006
2435 -0.167998 -0.137407 0.307695 0.0022904
2440 -0.160213 -0.191111 0.33144 -0.0198839
2445 -0.14344 -0.234717 0.339501 -0.0386567
2450 -0.117524 -0.253816 0.334284 -0.0370562
2455 -0.0836987 -0.243812 0.318524 -0.00898578
2460 -0.0443382 -0.207282 0.29353 0.0419105
2465 -0.00277044 -0.151858 0.257399 0.102771
2470 0.0351287 -0.0869533 0.204021 0.152197
2475 0.0583255 -0.0231774 0.12907 0.164218
2480 0.0577299 0.0259205 0.0353622 0.119013
2485 0.0378219 0.0480779 -0.0677229 0.0181769
2490 0.0173666 0.0382854 -0.166066 -0.110414
2495 0.0148109 0.00239123 -0.246447 -0.229245
2500 0.0319731 -0.0459586 -0.301071 -0.315056
2505 0.0575173 -0.0922381 -0.324769 -0.35949
2510 0.0849351 -0.12423 -0.314478 -0.353773
2515 0.117471 -0.135196 -0.273074 -0.290798
2520 0.156816 -0.125222 -0.208583 -0.176989
2525 0.191711 -0.0967159 -0.129882 -0.0348874
2530 0.201658 -0.0512459 -0.0461875 0.104225
2535 0.171267 0.00469612 0.0302528 0.206216
2540 0.102754 0.0554011 0.0889477 0.247103
2545 0.0142034 0.0858362 0.12669 0.22673
2550 -0.0756925 0.0962477 0.143947 0.164502
2555 -0.156133 0.0989812 0.141026 0.0838734
2560 -0.21945 0.103899 0.119564 0.00401372
2565 -0.255679 0.110295 0.0838955 -0.0614887
2570 -0.258286 0.106705 0.0414072 -0.110174
2575 -0.230118 0.0808256 0.00171047 -0.147582
2580 -0.184248 0.0317588 -0.0271743 -0.179663
2585 -0.138666 -0.0300298 -0.0407977 -0.209494
2590 -0.10665 -0.0928048 -0.0380202 -0.237475
2595 -0.0919745 -0.150744 -0.0229322 -0.265651
2600 -0.0909855 -0.201026 -0.00628735 -0.298298
2605 -0.0994435 -0.237231 -0.00443278 -0.341107
2610 -0.11669 -0.250941 -0.0300635 -0.397694
2615 -0.139873 -0.237329 -0.0822567 -0.459459
2620 -0.157953 -0.198248 -0.147377 -0.503578
2625 -0.156798 -0.138208 -0.206817 -0.501822
2630 -0.130561 -0.0611807 -0.242394 -0.434135
2635 -0.0873437 0.0280716 -0.241541 -0.300814
2640 -0.0410228 0.124389 -0.201849 -0.118483
2645 0.00157979 0.221248 -0.131405 0.0914229
2650 0.0414432 0.305039 -0.0446603 0.301822
2655 0.0806633 0.356696 0.043855 0.481214
2660 0.116629 0.361162 0.121223 0.599014
2665 0.142653 0.317207 0.177465 0.637325
2670 0.152783 0.239153 0.209343 0.60128
2675 0.145304 0.147441 0.220491 0.513237
2680 0.126336 0.0601215 0.217607 0.404064
2685 0.107455 -0.00982445 0.207981 0.305611
2690 0.0947744 -0.0540453 0.195635 0.236364
2695 0.0824231 -0.0685039 0.180629 0.194548
2700 0.0624319 -0.0575792 0.160256 0.165109
2705 0.0339572 -0.0382386 0.132627 0.128345
2710 -0.00127423 -0.0316673 0.101717 0.0687751
2715 -0.0431396 -0.0495351 0.0735707 -0.019104
2720 -0.0908472 -0.0893727 0.0492053 -0.131015
2725 -0.138881 -0.14087 0.0227376 -0.257013
2730 -0.176635 -0.193796 -0.0140525 -0.384484
2735 -0.19294 -0.237584 -0.0634373 -0.493962
2740 -0.181897 -0.259912 -0.119862 -0.561671
2745 -0.148233 -0.251402 -0.173945 -0.57358
2750 -0.105092 -0.207483 -0.216022 -0.528597
2755 -0.0627001 -0.128764 -0.23968 -0.431144
2760 -0.0231684 -0.0259687 -0.243026 -0.292163
2765 0.0126543 0.0801438 -0.225301 -0.132503
2770 0.0403417 0.168661 -0.184602 0.0244009
2775 0.0548249 0.225694 -0.122454 0.158066
2780 0.0577729 0.24265 -0.0479281 0.252495
2785 0.0578963 0.216223 0.0245825 0.298702
2790 0.0621395 0.151768 0.08348 0.297387
2795 0.072602 0.064395 0.124711 0.261708
2800 0.0898568 -0.0252352 0.149774 0.214396
2805 0.113677 -0.0999214 0.161491 0.175247
2810 0.142255 -0.151716 0.158864 0.149402
2815 0.172069 -0.182522 0.137452 0.126999
2820 0.197226 -0.199254 0.0962953 0.0942665
2825 0.210373 -0.205968 0.0433403 0.0477456
2830 0.206936 -0.199841 -0.00749101 -0.000396046
2835 0.186065 -0.17607 -0.0446101 -0.0346148
2840 0.146735 -0.134601 -0.0640195 -0.0518854
2845 0.0874985 -0.0825153 -0.0698 -0.0648168
2850 0.0091841 -0.0301423 -0.0652385 -0.0861967
2855 -0.0812454 0.0141071 -0.0476624 -0.114801
2860 -0.168265 0.044918 -0.016509 -0.139856
2865 -0.232308 0.0610996 0.0206523 -0.150556
2870 -0.258476 0.0678097 0.0516527 -0.139013
2875 -0.243378 0.0737075 0.0678758 -0.101795
2880 -0.196886 0.0830677 0.0663155 -0.0475025
2885 -0.13719 0.0927434 0.049038 0.00459174
2890 -0.0806904 0.0964641 0.022878 0.0386517
2895 -0.0351671 0.0918955 -0.00472131 0.052007
2900 -0.000741374 0.0808325 -0.0301785 0.0499126
2905 0.0244836 0.0648744 -0.0551907 0.0341673
2910 0.0375 0.0465322 -0.0820007 0.00203143
2915 0.031023 0.030758 -0.107178 -0.0453968
2920 0.00302714 0.022829 -0.125541 -0.0996848
2925 -0.0388015 0.0278338 -0.135841 -0.146808
2930 -0.0830879 0.0480605 -0.140968 -0.175995
2935 -0.118898 0.0772596 -0.143851 -0.185489
2940 -0.140527 0.101017 -0.144106 -0.183616
2945 -0.150142 0.107843 -0.140381 -0.18268
2950 -0.149729 0.098027 -0.131357 -0.183059
2955 -0.131641 0.0811033 -0.114512 -0.16505
2960 -0.0847316 0.06708 -0.0884416 -0.106093
2965 -0.0095198 0.0586521 -0.0580563 -0.008924
2970 0.0780654 0.0522482 -0.0327816 0.097532
2975 0.158912 0.0442909 -0.0187969 0.184406
2980 0.223048 0.0346581 -0.0143162 0.24339
2985 0.269417 0.0274234 -0.0138611 0.282979
2990 0.297239 0.0278581 -0.0133289 0.311768
2995 0.301753 0.0392287 -0.0140845 0.326897
3000 0.278169 0.0618786 -0.0220909 0.317956
3005 0.227709 0.0920046 -0.0392976 0.280416
3010 0.159183 0.121592 -0.0603249 0.22045
3015 0.0855941 0.141596 -0.078314 0.148876
3020 0.0178898 0.144553 -0.0889291 0.073514
3025 -0.039562 0.12601 -0.0919544 -0.00550593
3030 -0.0883782 0.0858005 -0.0895104 -0.0920881
3035 -0.131565 0.0289139 -0.0813402 -0.183991
3040 -0.166622 -0.035276 -0.0663412 -0.268239
3045 -0.183606 -0.0942298 -0.0471026 -0.324938
3050 -0.172987 -0.133336 -0.0278027 -0.334125
3055 -0.136692 -0.14172 -0.00931051 -0.287722
3060 -0.0883842 -0.115548 0.0086877 -0.195245
3065 -0.0454001 -0.0585198 0.0249119 -0.079008
3070 -0.0193118 0.0168673 0.0378158 0.0353713
3075 -0.0114447 0.0908212 0.0461674 0.125544
3080 -0.0147078 0.144326 0.0490388 0.178657
3085 -0.0209064 0.165964 0.0468222 0.19188
3090 -0.0255739 0.152774 0.040936 0.168136
3095 -0.0238705 0.108579 0.0329651 0.117674
3100 -0.0069663 0.0414118 0.0237458 0.0581913
3105 0.0304991 -0.0395481 0.0132019 0.00415292
3110 0.0810833 -0.125451 0.00306908 -0.0412989
3115 0.12773 -0.205976 -0.0015738 -0.0798201
3120 0.154429 -0.267142 0.00737169 -0.105341
3125 0.153566 -0.294063 0.0352386 -0.105258
3130 0.126444 -0.279036 0.0780446 -0.074547
3135 0.0789838 -0.224264 0.1233 -0.0219798
3140 0.0170956 -0.14161 0.156742 0.0322272
3145 -0.0506659 -0.0494244 0.172838 0.0727482
3150 -0.109502 0.0332245 0.178411 0.102134
3155 -0.142665 0.0946149 0.181826 0.133775
3160 -0.141799 0.133025 0.183249 0.174475
3165 -0.113572 0.150132 0.175134 0.211694
3170 -0.0730308 0.148285 0.150057 0.225311
3175 -0.0329278 0.130944 0.108208 0.206224
3180 0.00202642 0.10117 0.0573992 0.160596
3185 0.0345658 0.0614315 0.00756384 0.103561
3190 0.0693253 0.0137013 -0.0312032 0.0518234
3195 0.106035 -0.0386556 -0.0496804 0.0176986
3200 0.141742 -0.0871559 -0.0446895 0.00989702
3205 0.175279 -0.121579 -0.0216768 0.0320228
3210 0.203881 -0.136446 0.00967889 0.0771136
3215 0.219559 -0.135973 0.0404855 0.124071
3220 0.213347 -0.129789 0.0641683 0.147727
3225 0.183835 -0.12307 0.078048 0.138813
3230 0.137584 -0.115762 0.0808678 0.10269
3235 0.0792462 -0.107 0.0683509 0.0405968
3240 0.0101452 -0.0964742 0.0362412 -0.0500878
3245 -0.0627406 -0.0841075 -0.0144686 -0.161317
3250 -0.124048 -0.0698484 -0.0775136 -0.27141
3255 -0.157851 -0.0539688 -0.14349 -0.35531
3260 -0.158418 -0.0375774 -0.200765 -0.39676
3265 -0.133926 -0.019817 -0.237768 -0.391511
3270 -0.0964183 0.000594423 -0.243641 -0.339465
3275 -0.0533894 0.0191325 -0.20962 -0.243877
3280 -0.0122793 0.0287528 -0.136663 -0.120189
3285 0.016697 0.0279473 -0.0389698 0.00567448
3290 0.0274869 0.0195405 0.0628721 0.1099
3295 0.0226202 0.00678988 0.152791 0.182201
3300 0.00816088 -0.0091291 0.221551 0.220583
3305 -0.0101101 -0.0289359 0.260094 0.221048
3310 -0.0265812 -0.0494957 0.258562 0.182485
3315 -0.0357661 -0.0620981 0.214268 0.116403
3320 -0.0332802 -0.0588508 0.134624 0.0424931
3325 -0.020643 -0.0393022 0.0347941 -0.0251511
3330 -0.00761239 -0.0133072 -0.0656283 -0.0865478
3335 -0.00663866 0.00282981 -0.150345 -0.154154
3340 -0.0232992 -0.00370592 -0.212209 -0.239214
3345 -0.0513814 -0.034126 -0.248227 -0.333734
3350 -0.0788466 -0.0776253 -0.254334 -0.410806
3355 -0.0985726 -0.11851 -0.227657 -0.444739
3360 -0.109714 -0.144575 -0.171858 -0.426147
3365 -0.110684 -0.151176 -0.0980428 -0.359903
3370 -0.0965323 -0.139244 -0.0209243 -0.256701
3375 -0.0625883 -0.108287 0.0458122 -0.125063
3380 -0.0102681 -0.0550449 0.0935917 0.0282787
3385 0.0491999 0.0173397 0.119125 0.185664
3390 0.0989734 0.0948214 0.122848 0.316643
3395 0.12554 0.157804 0.109954 0.393298
3400 0.125259 0.192742 0.0887826 0.406784
3405 0.106934 0.199406 0.0669109 0.373251
3410 0.0839183 0.184995 0.0500416 0.318955
3415 0.0637755 0.154813 0.0418097 0.260398
3420 0.0458936 0.11244 0.0370086 0.195342
3425 0.0271301 0.065812 0.0184245 0.111367
3430 0.00783684 0.0257916 -0.0339705 -0.000342139
3435 -0.00750029 -0.00272292 -0.128051 -0.138274
3440 -0.0162252 -0.0243959 -0.247899 -0.28852
3445 -0.0216982 -0.0445407 -0.359934 -0.426173
3450 -0.0313679 -0.0624701 -0.430754 -0.524592
3455 -0.0505034 -0.0754469 -0.441412 -0.567363
3460 -0.0778502 -0.0803553 -0.39176 -0.549966
3465 -0.105669 -0.0743879 -0.293574 -0.47363
3470 -0.124077 -0.0575006 -0.160441 -0.342019
3475 -0.128011 -0.0328162 -0.00674476 -0.167572
3480 -0.120782 -0.0038575 0.148135 0.0234962
3485 -0.109179 0.028109 0.281366 0.200297
3490 -0.0960856 0.0625101 0.376059 0.342484
3495 -0.0788583 0.0961974 0.426395 0.443734
3500 -0.0511183 0.125687 0.435355 0.509924
3505 -0.00550606 0.148506 0.409053 0.552053
3510 0.0597625 0.161218 0.352011 0.572992
3515 0.135504 0.158952 0.268965 0.563421
3520 0.204059 0.139347 0.170766 0.514172
3525 0.24824 0.10608 0.0747841 0.429104
3530 0.262099 0.0657236 -0.00554882 0.322273
3535 0.253309 0.0225406 -0.0693701 0.206479
3540 0.233663 -0.020282 -0.122829 0.0905517
3545 0.211829 -0.0589222 -0.168334 -0.0154271
3550 0.192641 -0.0896636 -0.202391 -0.0994136
3555 0.175917 -0.107913 -0.220069 -0.152065
3560 0.158675 -0.10704 -0.220187 -0.168553
3565 0.138471 -0.0824375 -0.20713 -0.151096
3570 0.113441 -0.0387618 -0.186997 -0.112318
3575 0.0819601 0.0112384 -0.162498 -0.069299
3580 0.0416658 0.0550095 -0.13237 -0.0356949
3585 -0.00766529 0.0861702 -0.0935572 -0.0150523
3590 -0.0586058 0.103389 -0.0453663 -0.000582835
3595 -0.100816 0.107162 0.00917645 0.0155229
3600 -0.131264 0.0954319 0.0656846 0.0298527
3605 -0.154744 0.0625141 0.117942 0.0257114
3610 -0.175288 0.00939323 0.158886 -0.00700856
3615 -0.188994 -0.0498949 0.186435 -0.0524538
3620 -0.184642 -0.0979975 0.204643 -0.0779957
3625 -0.151304 -0.123984 0.218519 -0.0567684
3630 -0.0902073 -0.125037 0.230547 0.0153027
3635 -0.0186526 -0.103937 0.241817 0.119227
3640 0.0402372 -0.066679 0.252367 0.225925
3645 0.0714998 -0.0228203 0.262675 0.311355
3650 0.0727539 0.0160936 0.274273 0.363121
3655 0.049388 0.0407305 0.286661 0.37678
3660 0.0108627 0.0450623 0.296273 0.352199
3665 -0.0324278 0.0280972 0.301936 0.297605
3670 -0.0743209 -0.00127435 0.305554 0.229958
3675 -0.113334 -0.0277672 0.305775 0.164674
3680 -0.145323 -0.0425851 0.295552 0.107643
3685 -0.161266 -0.0496897 0.265783 0.0548274
3690 -0.154932 -0.0575363 0.21223 -0.000237873
3695 -0.130598 -0.0690229 0.141891 -0.0577293
3700 -0.100792 -0.0823156 0.0697265 -0.113381
3705 -0.0785719 -0.0948161 0.00583796 -0.16755
3710 -0.0726194 -0.102291 -0.0512279 -0.226138
3715 -0.0830532 -0.0965085 -0.108394 -0.287956
3720 -0.103143 -0.0674726 -0.168422 -0.339037
3725 -0.127039 -0.0120547 -0.227075 -0.366168
3730 -0.152214 0.0586687 -0.278209 -0.371755
3735 -0.174557 0.125223 -0.318394 -0.367728
3740 -0.183832 0.174243 -0.345797 -0.355386
3745 -0.166344 0.204381 -0.35745 -0.319413
3750 -0.113874 0.217252 -0.350381 -0.247002
3755 -0.0298553 0.209646 -0.324994 -0.145203
3760 0.0743141 0.179524 -0.285657 -0.0318185
3765 0.183388 0.131643 -0.237138 0.0778922
3770 0.278444 0.0764779 -0.181307 0.173615
3775 0.338692 0.0280972 -0.117441 0.249349
3780 0.34706 -0.00203567 -0.0483963 0.296628
3785 0.296772 -0.0119465 0.01494 0.299766
3790 0.196927 -0.00749971 0.0588861 0.248313
3795 0.0695954 0.00398125 0.0760494 0.149626
3800 -0.0610233 0.0150429 0.0690313 0.0230508
3805 -0.178851 0.0184225 0.0452173 -0.115211
3810 -0.277382 0.0109908 0.0110188 -0.255372
3815 -0.352207 -0.00524482 -0.027159 -0.384611
3820 -0.396989 -0.0275963 -0.0609548 -0.48554
3825 -0.404235 -0.053874 -0.0829392 -0.541048
3830 -0.367422 -0.0799284 -0.0896302 -0.536981
3835 -0.290069 -0.101002 -0.0782754 -0.469346
3840 -0.189902 -0.112521 -0.0467013 -0.349124
3845 -0.0854438 -0.11057 0.00026741 -0.195746
3850 0.0153439 -0.0957403 0.0501419 -0.0302545
3855 0.106261 -0.0714666 0.0880299 0.122824
3860 0.177094 -0.0400052 0.105206 0.242295
3865 0.218953 -0.000176992 0.102867 0.321643
3870 0.22805 0.051548 0.0861522 0.36575
3875 0.205787 0.114579 0.059908 0.380274
3880 0.157268 0.180457 0.0300708 0.367796
3885 0.0932827 0.237211 0.00384582 0.334339
3890 0.0296898 0.277494 -0.0128945 0.29429
3895 -0.0181756 0.303278 -0.018479 0.266624
3900 -0.0408165 0.318767 -0.0154648 0.262486
3905 -0.0361651 0.317435 -0.00683138 0.274438
3910 -0.00797757 0.286036 0.00633583 0.284394
3915 0.0375478 0.221824 0.0258725 0.285244
3920 0.0927648 0.141044 0.0529942 0.286803
3925 0.147355 0.068024 0.083202 0.298581
3930 0.189444 0.0148587 0.108322 0.312624
3935 0.210731 -0.023213 0.121984 0.309502
3940 0.210087 -0.0558901 0.120336 0.274533
3945 0.191032 -0.0875784 0.104997 0.20845
3950 0.155667 -0.114251 0.0854896 0.126906
3955 0.104376 -0.129317 0.0719102 0.0469697
3960 0.041103 -0.132683 0.0666805 -0.0248991
3965 -0.0266749 -0.128889 0.0653698 -0.0901939
3970 -0.0912084 -0.119214 0.0626321 -0.14779
3975 -0.144257 -0.101815 0.0562712 -0.189801
3980 -0.180268 -0.0771765 0.0422317 -0.215213
3985 -0.198965 -0.0520574 0.0145927 -0.23643
3990 -0.204665 -0.0361181 -0.0266514 -0.267435
3995 -0.201357 -0.0330243 -0.0733673 -0.307748
4000 -0.184722 -0.0398241 -0.115624 -0.34017
4005 -0.147192 -0.0551393 -0.149117 -0.351448
4010 -0.0900325 -0.0798124 -0.173307 -0.343151
4015 -0.0229941 -0.110696 -0.184867 -0.318558
4020 0.043301 -0.137783 -0.180144 -0.274626
4025 0.101963 -0.151164 -0.162093 -0.211294
4030 0.150668 -0.148159 -0.141151 -0.138641
4035 0.188444 -0.132557 -0.130308 -0.0744214
4040 0.214285 -0.109577 -0.135859 -0.031152
4045 0.229195 -0.0824621 -0.149471 -0.00273818
4050 0.236627 -0.0544985 -0.153549 0.0285795
4055 0.23926 -0.0316553 -0.13381 0.0737949
4060 0.23743 -0.019657 -0.0877118 0.130061
4065 0.22672 -0.0183199 -0.0243145 0.184086
4070 0.200178 -0.019399 0.0411147 0.221893
4075 0.156799 -0.0142052 0.0918588 0.234453
4080 0.104374 0.000395733 0.117415 0.222185
4085 0.0537793 0.0224017 0.117972 0.194153
4090 0.0115085 0.0458879 0.100457 0.157853
4095 -0.021981 0.0663161 0.074339 0.118674
4100 -0.0487323 0.0834148 0.049756 0.0844385
4105 -0.0714847 0.0958289 0.0340326 0.0583768
4110 -0.0937071 0.0967879 0.0295556 0.0326364
4115 -0.117807 0.0784887 0.0317627 -0.00755613
4120 -0.142972 0.0406779 0.0314531 -0.0708405
4125 -0.166141 -0.00927725 0.0197721 -0.155647
4130 -0.183203 -0.0615773 -0.00738178 -0.252162
4135 -0.187366 -0.105384 -0.0478527 -0.340602
4140 -0.172722 -0.134466 -0.0949443 -0.402132
4145 -0.139336 -0.148631 -0.139833 -0.4278
4150 -0.0924073 -0.149478 -0.173467 -0.415352
4155 -0.0397227 -0.137365 -0.189241 -0.366328
4160 0.0106303 -0.11131 -0.183934 -0.284614
4165 0.0534098 -0.0694381 -0.157054 -0.173082
4170 0.0852138 -0.0112052 -0.110016 -0.0360072
4175 0.103395 0.0585019 -0.0514305 0.110466
4180 0.10706 0.130124 0.00253372 0.239717
4185 0.0965981 0.195048 0.0380431 0.32969
4190 0.0756951 0.247769 0.049117 0.372581
4195 0.052897 0.282788 0.0367845 0.372469
4200 0.0398203 0.293397 0.00855873 0.341776
4205 0.0459853 0.273421 -0.0216564 0.297749
4210 0.0712712 0.219438 -0.0377166 0.252992
4215 0.103734 0.13264 -0.0290798 0.207294
4220 0.124279 0.0212364 0.00528518 0.150801
4225 0.11568 -0.099501 0.0595381 0.0757175
4230 0.0712568 -0.211109 0.125906 -0.0139467
4235 -0.00294574 -0.295992 0.192517 -0.106421
4240 -0.0935683 -0.341546 0.241499 -0.193615
4245 -0.183611 -0.342995 0.257801 -0.268804
4250 -0.254263 -0.302325 0.239915 -0.316673
4255 -0.2915 -0.227777 0.199314 -0.319963
4260 -0.291541 -0.133508 0.151082 -0.273968
4265 -0.256723 -0.0343492 0.105577 -0.185495
4270 -0.193564 0.05983 0.0644435 -0.0692908
4275 -0.115495 0.143 0.026729 0.0542347
4280 -0.0378199 0.2095 -0.00143349 0.170247
4285 0.0284913 0.253558 -0.0123022 0.269747
4290 0.0767572 0.270814 -0.00750371 0.340068
4295 0.10159 0.261902 0.00312655 0.366618
4300 0.0993342 0.234127 0.00849945 0.341961
4305 0.06977 0.197606 0.00226844 0.269644
4310 0.0178502 0.160842 -0.0141466 0.164546
4315 -0.0458242 0.128852 -0.0332094 0.0498184
4320 -0.108129 0.10068 -0.0490388 -0.0564885
4325 -0.156995 0.0726151 -0.0614249 -0.145804
4330 -0.184361 0.0443525 -0.0744441 -0.214453
4335 -0.185448 0.0186512 -0.0925312 -0.259328
4340 -0.155729 -0.00251617 -0.114811 -0.273056
4345 -0.0939002 -0.0202218 -0.135434 -0.249556
4350 -0.0090648 -0.0382239 -0.147566 -0.194855
4355 0.0804169 -0.05944 -0.143934 -0.122957
4360 0.152299 -0.082478 -0.119735 -0.0499144
4365 0.186253 -0.10486 -0.0782621 0.00313088
4370 0.173881 -0.129293 -0.0301009 0.0144878
4375 0.1228 -0.162168 0.0130287 -0.0263394
4380 0.0518271 -0.201907 0.0426935 -0.107386
4385 -0.0166462 -0.233703 0.0558151 -0.194534
4390 -0.0619131 -0.24264 0.0536323 -0.250921
4395 -0.0711857 -0.225539 0.0407118 -0.256013
4400 -0.0460498 -0.18713 0.0246625 -0.208517
4405 0.00107679 -0.13197 0.0128213 -0.118072
4410 0.0572841 -0.060411 0.00910228 0.00597539
4415 0.111571 0.0243054 0.0126042 0.14848
4420 0.153392 0.108866 0.0190622 0.28132
4425 0.17431 0.177016 0.0258788 0.377205
4430 0.169221 0.220168 0.033803 0.423192
4435 0.136816 0.23988 0.0434235 0.420119
4440 0.0838381 0.245295 0.0516766 0.380809
4445 0.0288637 0.246549 0.053226 0.328638
4450 -0.00501017 0.247351 0.0443655 0.286706
4455 -0.00648931 0.243529 0.0273098 0.26435
4460 0.0167383 0.228845 0.0112754 0.256859
4465 0.0443898 0.201235 0.00589499 0.25152
4470 0.0556249 0.161583 0.0133316 0.230539
4475 0.0391748 0.110692 0.0284516 0.178319
4480 -0.00321761 0.0504829 0.0437427 0.091008
4485 -0.0604521 -0.0136756 0.0580687 -0.016059
4490 -0.118836 -0.0730109 0.0786 -0.113247
4495 -0.166587 -0.119796 0.111198 -0.175185
4500 -0.194443 -0.151608 0.152778 -0.193274
4505 -0.194512 -0.170054 0.192113 -0.172454
4510 -0.160656 -0.175512 0.216064 -0.120105
4515 -0.0940945 -0.166357 0.217566 -0.0428853
4520 -0.00923835 -0.142549 0.197688 0.045901
4525 0.0711376 -0.107013 0.159047 0.123172
4530 0.127579 -0.0666251 0.102498 0.163452
4535 0.150286 -0.0320755 0.0317338 0.149944
4540 0.139155 -0.0114926 -0.043328 0.084334
4545 0.100857 -0.00703849 -0.11247 -0.0186516
4550 0.0433772 -0.0182233 -0.169528 -0.144375
4555 -0.0259293 -0.0449111 -0.210209 -0.28105
4560 -0.0944038 -0.0847123 -0.226419 -0.405535
4565 -0.142528 -0.129306 -0.210809 -0.482643
4570 -0.154646 -0.165873 -0.169593 -0.490113
4575 -0.129136 -0.183442 -0.122532 -0.435111
4580 -0.0761482 -0.177206 -0.0877287 -0.341083
4585 -0.00906465 -0.146475 -0.07304 -0.228579
4590 0.063851 -0.0923142 -0.079073 -0.107536
4595 0.139173 -0.0190579 -0.103712 0.0164036
4600 0.211435 0.0614239 -0.14076 0.132099
4605 0.269993 0.132351 -0.180033 0.222311
4610 0.301202 0.180462 -0.210059 0.271605
4615 0.297008 0.202462 -0.22266 0.27681
4620 0.25872 0.207336 -0.215827 0.250229
4625 0.192669 0.20847 -0.19163 0.209509
4630 0.107021 0.211503 -0.151566 0.166958
4635 0.0136093 0.212877 -0.0962308 0.130256
4640 -0.0720181 0.206629 -0.029221 0.10539
4645 -0.139769 0.189061 0.0411868 0.0904793
4650 -0.191831 0.158995 0.104636 0.0718
4655 -0.234254 0.114707 0.153006 0.0334599
4660 -0.266091 0.0546524 0.183709 -0.0277295
4665 -0.282352 -0.0158648 0.198518 -0.0996988
4670 -0.281959 -0.0820207 0.199193 -0.164787
4675 -0.267885 -0.126713 0.186583 -0.208015
4680 -0.244261 -0.14121 0.162726 -0.222745
4685 -0.216324 -0.128537 0.128167 -0.216693
4690 -0.188752 -0.0966865 0.0789706 -0.206467
4695 -0.162996 -0.0523758 0.0114596 -0.203912
4700 -0.136286 -0.00149444 -0.0700571 -0.207838
4705 -0.103563 0.0492526 -0.154731 -0.209042
4710 -0.0628036 0.0921621 -0.230651 -0.201292
4715 -0.0165939 0.118832 -0.284483 -0.182245
4720 0.0314627 0.123076 -0.303734 -0.149196
4725 0.081355 0.104788 -0.282356 -0.0962132
4730 0.135323 0.0691132 -0.221812 -0.0173761
4735 0.188086 0.0205659 -0.129945 0.0787071
4740 0.224218 -0.0409096 -0.0191302 0.164178
4745 0.230286 -0.116489 0.0960065 0.209804
4750 0.204185 -0.199527 0.201401 0.206059
4755 0.153887 -0.274167 0.285525 0.165246
4760 0.0916535 -0.324848 0.338784 0.10559
4765 0.0268175 -0.3431 0.354871 0.038588
4770 -0.0323074 -0.328014 0.332784 -0.027537
4775 -0.0745953 -0.284922 0.276713 -0.0828041
4780 -0.0932618 -0.223068 0.194339 -0.12199
4785 -0.0889485 -0.154692 0.0998988 -0.143742
4790 -0.0637885 -0.093231 0.0138338 -0.143186
4795 -0.0205653 -0.0472749 -0.0473784 -0.115219
4800 0.0313346 -0.0187161 -0.07915 -0.0665314
4805 0.076411 -0.00484633 -0.0863941 -0.0148295
4810 0.101508 -0.00105393 -0.0772073 0.0232464
4815 0.102926 -0.00143203 -0.0605855 0.0409088
4820 0.0867184 0.00135947 -0.0457644 0.0423135
4825 0.0653252 0.012364 -0.0379098 0.0397794
4830 0.0510504 0.0327608 -0.0379115 0.0458996
4835 0.0502279 0.0608151 -0.0447399 0.066303
4840 0.0620202 0.0933701 -0.0558297 0.0995606
4845 0.0799812 0.127779 -0.0673965 0.140364
4850 0.0946802 0.161922 -0.0759454 0.180657
4855 0.0982612 0.193203 -0.0785493 0.212915
4860 0.0878571 0.21926 -0.0740442 0.233073
4865 0.0626235 0.238568 -0.0620294 0.239162
4870 0.0211267 0.25006 -0.0387177 0.232469
4875 -0.0361878 0.25468 0.00164435 0.220136
4880 -0.104381 0.257259 0.0572052 0.210083
4885 -0.17394 0.262257 0.118102 0.20642
4890 -0.231632 0.268373 0.171431 0.208172
4895 -0.265803 0.27102 0.205526 0.210743
4900 -0.271944 0.265892 0.211787 0.205735
4905 -0.252108 0.247166 0.184624 0.179681
4910 -0.210264 0.207927 0.125488 0.123152
4915 -0.148841 0.143282 0.0463101 0.040751
4920 -0.0706325 0.05549 -0.0353707 -0.0505131
4925 0.0166963 -0.0439086 -0.104672 -0.131884
4930 0.100281 -0.14017 -0.152498 -0.192387
4935 0.165877 -0.220115 -0.175143 -0.229381
4940 0.201552 -0.273207 -0.174239 -0.245894
4945 0.202104 -0.29692 -0.154341 -0.249157
4950 0.170736 -0.297183 -0.120884 -0.247331
4955 0.11813 -0.282993 -0.0833618 -0.248225
4960 0.0595388 -0.261143 -0.0562587 -0.257863
4965 0.00858391 -0.236268 -0.0507121 -0.278396
4970 -0.0296197 -0.214986 -0.0641829 -0.308789
4975 -0.058067 -0.201514 -0.0818437 -0.341425
4980 -0.0801814 -0.19163 -0.0899125 -0.361724
4985 -0.093999 -0.176953 -0.0870937 -0.358046
4990 -0.0983183 -0.149502 -0.0816346 -0.329455
4995 -0.0991246 -0.106774 -0.0796324 -0.285531
5000 -0.102527 -0.0557721 -0.0765507 -0.23485
5005 -0.105799 -0.00824098 -0.0573441 -0.171385
5010 -0.0999913 0.0258459 -0.00622063 -0.080366
5015 -0.0773494 0.0442882 0.0793181 0.0462569
5020 -0.0376212 0.0504198 0.182032 0.19483
5025 0.00944066 0.044775 0.27284 0.327056
5030 0.0525433 0.0224142 0.329947 0.404905
5035 0.0861999 -0.0209881 0.348751 0.413963
5040 0.108737 -0.0809143 0.332834 0.360656
5045 0.119286 -0.139999 0.283551 0.262837
5050 0.116757 -0.17329 0.2038 0.147267
5055 0.0987909 -0.162476 0.107192 0.0435064
5060 0.0629627 -0.105636 0.0137109 -0.0289624
5065 0.0128263 -0.0144275 -0.0636998 -0.0653011
5070 -0.0383668 0.0909181 -0.124037 -0.0714853
5075 -0.0743114 0.185735 -0.170913 -0.0594889
5080 -0.0845556 0.247252 -0.205161 -0.0424648
5085 -0.068565 0.264562 -0.226924 -0.0309269
5090 -0.0356414 0.239836 -0.242842 -0.0386477
5095 0.00125285 0.182116 -0.265751 -0.082383
5100 0.0325847 0.101914 -0.303103 -0.168604
5105 0.0556757 0.00797958 -0.348163 -0.284508
5110 0.0726362 -0.0921441 -0.38371 -0.403218
5115 0.0833234 -0.184762 -0.394696 -0.496135
5120 0.0845905 -0.249312 -0.374998 -0.53972
5125 0.077694 -0.26954 -0.325829 -0.517675
5130 0.0706604 -0.241927 -0.251354 -0.422621
5135 0.071496 -0.175459 -0.155275 -0.259238
5140 0.07959 -0.0835785 -0.0384539 -0.0424425
5145 0.087156 0.0225185 0.0974329 0.207107
5150 0.085234 0.131525 0.243426 0.460185
5155 0.067477 0.225672 0.382002 0.675151
5160 0.0336942 0.283737 0.491738 0.80917
5165 -0.012064 0.295645 0.555797 0.839379
5170 -0.0651178 0.27237 0.56986 0.777112
5175 -0.120773 0.23639 0.539918 0.655535
5180 -0.174326 0.204739 0.474989 0.505402
5185 -0.219548 0.179584 0.385021 0.345057
5190 -0.246828 0.150114 0.280659 0.183945
5195 -0.245638 0.105465 0.173019 0.0328463
5200 -0.209444 0.0451709 0.0738949 -0.0903781
5205 -0.141679 -0.0227129 -0.00534601 -0.169738
5210 -0.0562974 -0.0873109 -0.0564152 -0.200024
5215 0.0300822 -0.138526 -0.0760679 -0.184511
5220 0.10647 -0.168148 -0.0689301 -0.130609
5225 0.168 -0.168334 -0.0460088 -0.0463424
5230 0.213801 -0.135005 -0.01949 0.0593057
5235 0.246291 -0.0749515 0.000709628 0.172049
5240 0.266714 -0.00845922 0.0104973 0.268752
5245 0.271773 0.0391586 0.010026 0.320958
5250 0.257044 0.0505322 -0.000556322 0.30702
5255 0.222247 0.0231019 -0.0197608 0.225588
5260 0.171233 -0.0341021 -0.0414105 0.0957203
5265 0.114146 -0.109141 -0.057942 -0.0529369
5270 0.067646 -0.189532 -0.0662467 -0.188133
5275 0.0445017 -0.258448 -0.0687291 -0.282675
5280 0.0425586 -0.29755 -0.0696106 -0.324602
5285 0.0472766 -0.295414 -0.0691996 -0.317337
5290 0.0436055 -0.25332 -0.06367 -0.273384
5295 0.0243806 -0.182784 -0.0547611 -0.213164
5300 -0.00887107 -0.096344 -0.0526745 -0.15789
5305 -0.0488061 -0.00400886 -0.0665583 -0.119373
5310 -0.0844701 0.0850012 -0.0967279 -0.0961968
5315 -0.104896 0.161068 -0.134329 -0.0781564
5320 -0.102136 0.215857 -0.168317 -0.0545956
5325 -0.0733779 0.244485 -0.191966 -0.0208587
5330 -0.0237451 0.243814 -0.205371 0.014698
5335 0.0345554 0.211594 -0.212319 0.0338303
5340 0.0868751 0.1494 -0.212542 0.0237336
5345 0.121785 0.0674781 -0.197943 -0.00868006
5350 0.133796 -0.0144156 -0.158845 -0.0394644
5355 0.122341 -0.077837 -0.0939471 -0.0494426
5360 0.0894529 -0.115799 -0.0116269 -0.0379728
5365 0.0388467 -0.131483 0.0762402 -0.0163958
5370 -0.0212887 -0.131668 0.155396 0.00243994
5375 -0.0786028 -0.118172 0.211399 0.0146241
5380 -0.121811 -0.0865531 0.236258 0.0278943
5385 -0.145361 -0.0357202 0.230641 0.0495594
5390 -0.148791 0.0277487 0.199596 0.0785534
5395 -0.132251 0.094682 0.150245 0.112676
5400 -0.0941579 0.15848 0.090598 0.15492
5405 -0.0362658 0.213419 0.0270403 0.204193
5410 0.0314059 0.248571 -0.0360072 0.24397
5415 0.09328 0.251931 -0.0942331 0.250978
5420 0.136711 0.219966 -0.142056 0.214621
5425 0.156556 0.159701 -0.173819 0.142437
5430 0.152436 0.0843879 -0.186514 0.0503105
5435 0.12623 0.00842893 -0.180632 -0.0459732
5440 0.0840853 -0.0547299 -0.155875 -0.126519
5445 0.0383501 -0.0958941 -0.10952 -0.167064
5450 0.00498747 -0.112402 -0.0402794 -0.147694
5455 -0.00378113 -0.108444 0.0481798 -0.0640458
5460 0.0136355 -0.0940029 0.142286 0.061919
5465 0.0479086 -0.0785114 0.218433 0.187831
5470 0.0841834 -0.0667298 0.257065 0.274519
5475 0.108734 -0.0606534 0.255692 0.303772
5480 0.111283 -0.0595395 0.223363 0.275106
5485 0.0866605 -0.0572881 0.169064 0.198436
5490 0.0354762 -0.0436352 0.0996184 0.0914593
5495 -0.0395891 -0.0139568 0.026317 -0.0272289
5500 -0.134384 0.0256213 -0.0332822 -0.142045
5505 -0.238632 0.0659463 -0.0653488 -0.238034
5510 -0.334781 0.102133 -0.068868 -0.301515
5515 -0.404108 0.133029 -0.0517202 -0.322799
5520 -0.432113 0.155646 -0.0230169 -0.299485
5525 -0.406931 0.163006 0.00927183 -0.234654
5530 -0.323052 0.148422 0.0372441 -0.137386
5535 -0.190705 0.110475 0.053117 -0.0271125
5540 -0.0365696 0.0546752 0.0527343 0.0708399
5545 0.106928 -0.0105848 0.0401373 0.13648
5550 0.21631 -0.0813478 0.0262999 0.161262
5555 0.28233 -0.155682 0.0184467 0.145094
5560 0.301933 -0.226334 0.0123789 0.0879774
5565 0.273569 -0.279879 -0.00206662 -0.00837642
5570 0.201979 -0.303497 -0.0288835 -0.130402
5575 0.101895 -0.291687 -0.0614831 -0.251275
5580 -0.00510075 -0.249121 -0.0906966 -0.344919
5585 -0.100062 -0.183246 -0.115102 -0.398411
5590 -0.175279 -0.0953782 -0.141219 -0.411876
5595 -0.231068 0.0133631 -0.172604 -0.390309
5600 -0.264687 0.132971 -0.201122 -0.332838
5605 -0.268043 0.245843 -0.212749 -0.234949
5610 -0.23616 0.333454 -0.199772 -0.102478
5615 -0.172039 0.383072 -0.165484 0.0455494
5620 -0.0835613 0.390852 -0.117108 0.190183
5625 0.0208575 0.360508 -0.0588977 0.322468
5630 0.132947 0.298258 0.00214147 0.433346
5635 0.242899 0.212685 0.0514695 0.507053
5640 0.338808 0.115608 0.0742834 0.528699
5645 0.409146 0.0202596 0.0642992 0.493705
5650 0.442487 -0.060764 0.0284155 0.410138
5655 0.429593 -0.118149 -0.0153924 0.296052
5660 0.371688 -0.148377 -0.0497184 0.173593
5665 0.281715 -0.154243 -0.0668543 0.0606179
5670 0.17612 -0.142658 -0.0683729 -0.0349107
5675 0.0693504 -0.120902 -0.0586046 -0.110156
5680 -0.0278226 -0.0974496 -0.0410245 -0.166297
5685 -0.108156 -0.0808221 -0.0199306 -0.208908
5690 -0.167811 -0.0773807 0.000594977 -0.244597
5695 -0.208316 -0.0904217 0.018105 -0.280633
5700 -0.233951 -0.121021 0.0317458 -0.323226
5705 -0.243114 -0.164986 0.0412206 -0.366879
5710 -0.228821 -0.206813 0.0461379 -0.389496
5715 -0.186374 -0.225232 0.0461666 -0.36544
5720 -0.118715 -0.206448 0.0383812 -0.286782
5725 -0.0357003 -0.149512 0.0180517 -0.167161
5730 0.0503802 -0.0660293 -0.0157821 -0.0314312
5735 0.128562 0.0235393 -0.0561558 0.0959456
5740 0.189906 0.0968056 -0.0930182 0.193693
5745 0.229069 0.136414 -0.117337 0.248146
5750 0.241179 0.135365 -0.121486 0.255058
5755 0.219117 0.0995156 -0.100396 0.218237
5760 0.162599 0.0431285 -0.0536537 0.152074
5765 0.0869315 -0.0177358 0.0140095 0.0832052
5770 0.0171202 -0.0672743 0.0953927 0.0452386
5775 -0.0268463 -0.0962706 0.179921 0.0568045
5780 -0.0401943 -0.107016 0.255194 0.107984
5785 -0.0318754 -0.107465 0.312391 0.173051
5790 -0.0162489 -0.100871 0.348109 0.230989
5795 -0.00625434 -0.083161 0.359633 0.270218
5800 -0.0111186 -0.0498099 0.341954 0.281026
5805 -0.037816 -0.00405349 0.291431 0.249562
5810 -0.0896833 0.0441334 0.212792 0.167242
5815 -0.161251 0.0841218 0.117927 0.0407982
5820 -0.236752 0.110836 0.0189747 -0.106941
5825 -0.295434 0.125995 -0.0729961 -0.242435
5830 -0.320547 0.130552 -0.146428 -0.336423
5835 -0.307528 0.120162 -0.191748 -0.379114
5840 -0.264823 0.0909221 -0.204839 -0.37874
5845 -0.207217 0.0470112 -0.188464 -0.34867
5850 -0.148207 -0.00241011 -0.150994 -0.301611
5855 -0.0948159 -0.0525332 -0.103885 -0.251234
5860 -0.048825 -0.103547 -0.0577761 -0.210148
5865 -0.0117583 -0.152762 -0.0189271 -0.183448
5870 0.0139306 -0.18735 0.0110841 -0.162335
5875 0.0303898 -0.192866 0.0293363 -0.13314
5880 0.048214 -0.167532 0.0307631 -0.0885551
5885 0.078161 -0.12278 0.0173821 -0.0272368
5890 0.117659 -0.0758103 5.47572e-05 0.0419037
5895 0.150196 -0.0389801 -0.012761 0.0984551
5900 0.158375 -0.0166029 -0.0208787 0.120893
5905 0.136869 -0.0105013 -0.02862 0.0977476
5910 0.0950708 -0.0198742 -0.0357477 0.039449
5915 0.0483672 -0.03786 -0.0371745 -0.0266673
5920 0.00514963 -0.0542819 -0.0317043 -0.0808366
5925 -0.034835 -0.0626306 -0.0236376 -0.121103
5930 -0.068616 -0.0597997 -0.0166962 -0.145112
5935 -0.0856374 -0.043207 -0.0129109 -0.141755
5940 -0.0752706 -0.011213 -0.0131729 -0.0996565
5945 -0.0373373 0.0360869 -0.014118 -0.0153684
5950 0.0142607 0.0938787 -0.00939077 0.0987486
5955 0.0590081 0.150603 0.00354044 0.213151
5960 0.0822643 0.195392 0.0217046 0.299361
5965 0.0816666 0.225036 0.0404423 0.347145
5970 0.0641129 0.243778 0.0553128 0.363204
5975 0.038472 0.258006 0.0626892 0.359167
5980 0.0129857 0.266492 0.059839 0.339317
5985 -0.00633551 0.259074 0.0442859 0.297024
5990 -0.018181 0.226531 0.0167404 0.22509
5995 -0.0205235 0.171495 -0.0153321 0.13564
6000 -0.00666812 0.111168 -0.03992 0.0645803
6005 0.0286977 0.0654059 -0.0471764 0.0469273
6010 0.0830892 0.042323 -0.0341271 0.0912852
6015 0.143607 0.0346432 -0.00430423 0.173946
6020 0.190685 0.0285006 0.0372969 0.256482
6025 0.208094 0.0160443 0.0842074 0.308345
6030 0.19178 0.00296694 0.122713 0.31746
6035 0.149968 0.0022373 0.136075 0.28828
6040 0.096012 0.0185752 0.116258 0.230845
6045 0.0392392 0.0419341 0.0672094 0.148383
6050 -0.016055 0.0577231 0.000320061 0.0419882
6055 -0.0622455 0.0575669 -0.0693432 -0.0740218
6060 -0.0900008 0.0438897 -0.12594 -0.172051
6065 -0.0959397 0.0238953 -0.156032 -0.228076
6070 -0.0833101 0.00120001 -0.151841 -0.233951
6075 -0.0590403 -0.0215574 -0.113196 -0.193794
6080 -0.0296263 -0.0361123 -0.0475205 -0.113259
6085 0.00170625 -0.0325515 0.0350836 0.0042384
6090 0.0318627 -0.0104835 0.124918 0.146297
6095 0.0565018 0.0169347 0.209596 0.283032
6100 0.0734261 0.0321075 0.272517 0.378051
6105 0.0838809 0.0232254 0.297688 0.404794
6110 0.0885758 -0.009749 0.276056 0.354883
6115 0.0855015 -0.0556387 0.20744 0.237303
6120 0.0732567 -0.102582 0.0992475 0.0699223
6125 0.0540848 -0.14425 -0.0306009 -0.120766
6130 0.0333774 -0.176932 -0.154071 -0.297625
6135 0.0182125 -0.1992 -0.242208 -0.423196
6140 0.0164184 -0.212966 -0.275403 -0.471951
6145 0.0334304 -0.218791 -0.248396 -0.433756
6150 0.0675677 -0.212368 -0.169646 -0.314446
6155 0.107001 -0.18593 -0.059928 -0.138857
6160 0.133004 -0.136578 0.0511411 0.0475668
6165 0.130994 -0.0731589 0.133185 0.19102
6170 0.0985882 -0.0111545 0.165951 0.253385
6175 0.0431656 0.0367227 0.146691 0.226579
6180 -0.0239338 0.06307 0.08898 0.128116
6185 -0.0912128 0.0653613 0.0123329 -0.0135186
6190 -0.14886 0.0452962 -0.0668669 -0.170431
6195 -0.189163 0.0109453 -0.135979 -0.314196
6200 -0.207545 -0.0254264 -0.183788 -0.416759
6205 -0.203888 -0.0543401 -0.203878 -0.462106
6210 -0.185221 -0.0690572 -0.198759 -0.453038
6215 -0.164807 -0.0626431 -0.178304 -0.405754
6220 -0.15425 -0.0305994 -0.151844 -0.336694
6225 -0.154388 0.0255015 -0.123749 -0.252635
6230 -0.156125 0.0982326 -0.0988856 -0.156778
6235 -0.150566 0.174932 -0.0858245 -0.0614585
6240 -0.136703 0.237837 -0.0923296 0.00880499
6245 -0.120576 0.270661 -0.11925 0.0308341
6250 -0.106258 0.268528 -0.15783 0.00444033
6255 -0.0865688 0.237182 -0.19137 -0.0407564
6260 -0.0479067 0.182925 -0.202928 -0.0679095
6265 0.0121716 0.109179 -0.185606 -0.0642558
6270 0.0752914 0.024254 -0.147397 -0.0478521
6275 0.116394 -0.0563549 -0.104454 -0.0444152
6280 0.123791 -0.114896 -0.069246 -0.0603502
6285 0.101504 -0.134999 -0.045071 -0.0785663
6290 0.0600373 -0.109912 -0.0298875 -0.0797618
6295 0.0103945 -0.0519657 -0.0223158 -0.063887
6300 -0.0380681 0.0129589 -0.0238556 -0.0489648
6305 -0.0763951 0.0636821 -0.0351275 -0.0478405
6310 -0.0973084 0.0933464 -0.0505841 -0.0545461
6315 -0.102375 0.104782 -0.0572315 -0.0548245
6320 -0.103469 0.101466 -0.0463474 -0.0483497
6325 -0.112329 0.0834614 -0.0211879 -0.0500552
6330 -0.131591 0.0485687 0.00983564 -0.0731862
6335 -0.155825 -0.00431357 0.0451724 -0.114966
6340 -0.17517 -0.0695997 0.0920484 -0.152721
6345 -0.179148 -0.134153 0.153734 -0.159568
6350 -0.161984 -0.185188 0.219065 -0.128106
6355 -0.122722 -0.21466 0.269617 -0.0677647
6360 -0.0617443 -0.21823 0.292882 0.0129071
6365 0.0182306 -0.19572 0.288685 0.111195
6370 0.110856 -0.152759 0.264308 0.222404
6375 0.20374 -0.100765 0.224429 0.327405
6380 0.27803 -0.0538362 0.168633 0.392826
6385 0.316063 -0.0219589 0.100715 0.39482
6390 0.310098 -0.00694421 0.0365957 0.33975
6395 0.265426 -0.0054337 -0.000621203 0.259371
6400 0.196443 -0.0135478 0.0029801 0.185875
6405 0.115411 -0.0270437 0.0427546 0.131122
6410 0.0264769 -0.0408064 0.101272 0.086942
6415 -0.0649233 -0.0516729 0.162325 0.0457286
6420 -0.143395 -0.0597815 0.218238 0.0150614
6425 -0.188831 -0.0667911 0.262216 0.00659374
6430 -0.189596 -0.0726508 0.281629 0.0193821
6435 -0.14975 -0.0747925 0.265364 0.0408213
6440 -0.0830177 -0.0702964 0.215441 0.0621265
6445 -0.00476608 -0.0570546 0.147824 0.0860029
6450 0.0703408 -0.0363415 0.0794719 0.113471
6455 0.125241 -0.011892 0.0170035 0.130352
6460 0.142115 0.0124397 -0.0389511 0.115604
6465 0.110569 0.0337628 -0.0860863 0.0582452
6470 0.0354432 0.0507248 -0.118826 -0.0326583
6475 -0.0642344 0.0626648 -0.133069 -0.134639
6480 -0.161955 0.0685691 -0.132538 -0.225924
6485 -0.233262 0.0682393 -0.125229 -0.290252
6490 -0.262545 0.062121 -0.115737 -0.316161
6495 -0.242339 0.0496412 -0.103895 -0.296592
6500 -0.173072 0.0291256 -0.0872863 -0.231233
6505 -0.0638541 0.00225041 -0.0636585 -0.125262
6510 0.0682858 -0.0211422 -0.0326856 0.0144581
6515 0.202395 -0.0275982 0.00445355 0.179251
6520 0.319438 -0.0105626 0.043758 0.352633
6525 0.404368 0.0227504 0.0746792 0.501798
6530 0.443895 0.0571736 0.0851652 0.586234
6535 0.427529 0.0825349 0.0709813 0.581045
6540 0.354872 0.0957602 0.0349094 0.485541
6545 0.237837 0.0951066 -0.0148897 0.318054
6550 0.0961482 0.0767796 -0.0661815 0.106746
6555 -0.0465241 0.0370178 -0.104832 -0.114339
6560 -0.169509 -0.018667 -0.1196 -0.307776
6565 -0.259899 -0.075086 -0.109681 -0.444666
6570 -0.309769 -0.119005 -0.0847812 -0.513555
6575 -0.3151 -0.142388 -0.0551092 -0.512597
6580 -0.277368 -0.140044 -0.0269063 -0.444319
6585 -0.206183 -0.114367 -0.00843932 -0.328989
6590 -0.122025 -0.0774586 -0.0105726 -0.210057
6595 -0.0520785 -0.0423834 -0.0375437 -0.132006
6600 -0.0187513 -0.0159209 -0.0811461 -0.115818
6605 -0.0293166 0.00157326 -0.122434 -0.150177
6610 -0.0754634 0.0134358 -0.140879 -0.202907
6615 -0.13942 0.0216549 -0.127093 -0.244858
6620 -0.199717 0.0252174 -0.0864929 -0.260993
6625 -0.236843 0.0220376 -0.0303167 -0.245122
6630 -0.237557 0.0135281 0.0334063 -0.190622
6635 -0.197813 0.00605587 0.0980865 -0.0936707
6640 -0.124293 0.00482634 0.15498 0.0355141
6645 -0.029031 0.00869273 0.192153 0.171815
6650 0.0763707 0.0145662 0.198995 0.289932
6655 0.181076 0.0220996 0.174252 0.377427
6660 0.269993 0.029062 0.126578 0.425633
6665 0.325637 0.0289819 0.0695804 0.424199
6670 0.338642 0.0162983 0.0157435 0.370684
6675 0.311796 -0.00965063 -0.0277962 0.274349
6680 0.254251 -0.0455831 -0.060302 0.148366
6685 0.175599 -0.0871826 -0.0847415 0.00367468
6690 0.085492 -0.127938 -0.0993845 -0.14183
6695 -0.00318082 -0.157329 -0.0972515 -0.257761
6700 -0.0743254 -0.163747 -0.077004 -0.315076
6705 -0.116279 -0.13938 -0.0455476 -0.301206
6710 -0.128776 -0.0843133 -0.0121747 -0.225264
6715 -0.120381 -0.00850401 0.0148029 -0.114082
6720 -0.0981763 0.0714004 0.0292088 0.00243296
6725 -0.0646881 0.140111 0.0249322 0.100356
6730 -0.0226133 0.188411 -0.00362039 0.162177
6735 0.0214234 0.211896 -0.0571279 0.176191
6740 0.0586729 0.211353 -0.128628 0.141397
6745 0.0844789 0.193409 -0.204137 0.0737507
6750 0.101427 0.168161 -0.264545 0.00504323
6755 0.117157 0.144855 -0.292855 -0.0308433
6760 0.137812 0.127038 -0.281278 -0.0164279
6765 0.162302 0.109942 -0.232086 0.0401583
6770 0.182381 0.087631 -0.155995 0.114017
6775 0.187458 0.0627009 -0.0688628 0.181296
6780 0.171329 0.0425369 0.0161804 0.230046
6785 0.135128 0.030105 0.0923449 0.257578
6790 0.0831887 0.0217249 0.154117 0.25903
6795 0.0216065 0.00996406 0.195085 0.226656
6800 -0.0415881 -0.0116662 0.212132 0.158878
6805 -0.0972342 -0.0447987 0.208416 0.0663828
6810 -0.135709 -0.0837429 0.18997 -0.0294824
6815 -0.150875 -0.116176 0.16133 -0.10572
6820 -0.141959 -0.128847 0.125824 -0.144982
6825 -0.114039 -0.11433 0.087737 -0.140632
6830 -0.0784539 -0.0772329 0.0529474 -0.102739
6835 -0.048156 -0.031778 0.0253295 -0.0546046
6840 -0.0304414 0.0075868 0.0030081 -0.0198465
6845 -0.024688 0.0329323 -0.0210403 -0.012796
6850 -0.0266073 0.0422519 -0.0508863 -0.0352416
6855 -0.0337183 0.0343172 -0.080475 -0.0798761
6860 -0.0446685 0.00703304 -0.0977308 -0.135366
6865 -0.0559472 -0.0390135 -0.0926024 -0.187563
6870 -0.0616627 -0.0991608 -0.0625031 -0.223327
6875 -0.0547553 -0.165913 -0.0139641 -0.234632
6880 -0.029521 -0.225668 0.0408868 -0.214302
6885 0.013212 -0.259169 0.0889179 -0.157039
6890 0.0623741 -0.250455 0.120477 -0.0676039
6895 0.100652 -0.196335 0.132189 0.0365063
6900 0.11483 -0.108655 0.126634 0.132809
6905 0.100844 -0.00635415 0.110234 0.204724
6910 0.0610021 0.0937082 0.0890796 0.24379
6915 0.0014755 0.179148 0.0657075 0.246331
6920 -0.069025 0.241059 0.0434639 0.215498
6925 -0.136771 0.274561 0.0275218 0.165311
6930 -0.184936 0.277261 0.0207271 0.113051
6935 -0.202111 0.247559 0.0227639 0.0682118
6940 -0.188949 0.190162 0.0281197 0.0293333
6945 -0.157217 0.120342 0.0279457 -0.00892993
6950 -0.121383 0.0598942 0.0197331 -0.041756
6955 -0.0892037 0.0275794 0.010867 -0.0507572
6960 -0.0626596 0.0303302 0.00848295 -0.0238464
6965 -0.0469748 0.0607346 0.0116174 0.0253773
6970 -0.0511313 0.104125 0.0149325 0.0679258
6975 -0.0771826 0.145098 0.0133244 0.08124
6980 -0.112115 0.169942 0.00363869 0.0614654
6985 -0.13518 0.171576 -0.0154572 0.0209389
6990 -0.134949 0.1538 -0.0435801 -0.0247295
6995 -0.114881 0.127253 -0.0746397 -0.062268
7000 -0.0825655 0.101773 -0.0966209 -0.0774134
7005 -0.0388665 0.0823916 -0.0993399 -0.0558148
7010 0.0194698 0.0697088 -0.0813171 0.0078615
7015 0.0900999 0.0603554 -0.0490747 0.101381
7020 0.161485 0.0486882 -0.0131042 0.197069
7025 0.217386 0.0290132 0.0158624 0.262261
7030 0.242962 -0.00460313 0.0300642 0.268423
7035 0.232087 -0.0566169 0.0285524 0.204023
7040 0.190258 -0.126576 0.0181136 0.0817959
7045 0.129749 -0.206944 0.00607411 -0.0711205
7050 0.0627014 -0.285535 -0.00568083 -0.228514
7055 0.00212773 -0.350788 -0.0162338 -0.364894
7060 -0.036829 -0.396426 -0.0217913 -0.455046
7065 -0.043675 -0.420165 -0.021802 -0.485642
7070 -0.0196497 -0.418117 -0.0208053 -0.458572
7075 0.02466 -0.385109 -0.0203832 -0.380833
7080 0.0753915 -0.322627 -0.0168179 -0.264053
7085 0.117665 -0.241327 -0.00675036 -0.130412
7090 0.138374 -0.15661 0.0103593 -0.00787708
7095 0.129821 -0.0829204 0.0329417 0.0798423
7100 0.0950796 -0.0274971 0.0556862 0.123269
7105 0.0475637 0.0128901 0.0695187 0.129973
7110 0.00403539 0.0442596 0.0638577 0.112153
7115 -0.0231264 0.070352 0.032494 0.0797195
7120 -0.0302262 0.096711 -0.0176577 0.0488271
7125 -0.0196529 0.130658 -0.0677258 0.043279
7130 0.00487819 0.173409 -0.100231 0.078056
7135 0.0396727 0.214915 -0.109237 0.145351
7140 0.0798633 0.238363 -0.0986349 0.219591
7145 0.116415 0.230811 -0.0748289 0.272397
7150 0.137439 0.192677 -0.0435434 0.286573
7155 0.137238 0.137743 -0.0107911 0.26419
7160 0.119374 0.0801547 0.0174441 0.216973
7165 0.0908792 0.0245311 0.0391762 0.154586
7170 0.0540677 -0.0296005 0.0595527 0.0840199
7175 0.00371806 -0.0787092 0.0897053 0.0147141
7180 -0.0640767 -0.114414 0.135437 -0.0430536
7185 -0.141767 -0.13182 0.189424 -0.0841636
7190 -0.213008 -0.134022 0.236403 -0.110627
7195 -0.264164 -0.12863 0.260402 -0.132392
7200 -0.291833 -0.121634 0.250055 -0.163412
7205 -0.301417 -0.113562 0.203445 -0.211533
7210 -0.298575 -0.102237 0.128021 -0.272791
7215 -0.28311 -0.0880518 0.0345969 -0.336565
7220 -0.252702 -0.0698258 -0.0665643 -0.389092
7225 -0.211224 -0.0395111 -0.164978 -0.415713
7230 -0.16857 0.0108698 -0.248925 -0.406625
7235 -0.131892 0.0807712 -0.306882 -0.358003
7240 -0.102001 0.161782 -0.331884 -0.272103
7245 -0.0766209 0.244987 -0.3227 -0.154334
7250 -0.0501678 0.322968 -0.282555 -0.00975552
7255 -0.0136638 0.385461 -0.220392 0.151405
7260 0.0354059 0.420342 -0.150362 0.305386
7265 0.0869434 0.419362 -0.0851248 0.421181
7270 0.126081 0.380984 -0.0278735 0.479191
7275 0.142368 0.310637 0.0252295 0.478235
7280 0.135459 0.216197 0.0747697 0.426426
7285 0.116468 0.103929 0.113263 0.33366
7290 0.102001 -0.0189389 0.131613 0.214675
7295 0.103516 -0.138751 0.129558 0.0943233
7300 0.120838 -0.238285 0.117491 4.39417e-05
7305 0.145237 -0.306548 0.107458 -0.0538524
7310 0.166058 -0.341831 0.10267 -0.0731026
7315 0.175449 -0.346496 0.0969789 -0.0740687
7320 0.171145 -0.322195 0.0835715 -0.0674787
7325 0.157648 -0.269229 0.0616299 -0.0499515
7330 0.141471 -0.189674 0.0347377 -0.013465
7335 0.124654 -0.091942 0.00557405 0.0382856
7340 0.103778 0.00853219 -0.0247623 0.0875477
7345 0.0742477 0.0925779 -0.0532539 0.113572
7350 0.033886 0.144494 -0.0736082 0.104772
7355 -0.0150754 0.15993 -0.080836 0.064019
7360 -0.0652526 0.144598 -0.0766959 0.00264962
7365 -0.109803 0.10733 -0.0694529 -0.0719252
7370 -0.146721 0.0562913 -0.0666848 -0.157114
7375 -0.173723 -0.00129489 -0.0722468 -0.247265
7380 -0.183025 -0.0588804 -0.0887699 -0.330676
7385 -0.165978 -0.111378 -0.115813 -0.393168
7390 -0.1215 -0.155758 -0.145641 -0.422899
7395 -0.0572641 -0.18605 -0.16766 -0.410975
7400 0.0156433 -0.192548 -0.174433 -0.351338
7405 0.085125 -0.17044 -0.161125 -0.24644
7410 0.137326 -0.126405 -0.12567 -0.114749
7415 0.162982 -0.074839 -0.0698355 0.0183074
7420 0.159492 -0.0292969 0.00199024 0.132185
7425 0.127502 0.00371359 0.0839053 0.215121
7430 0.0720822 0.0244271 0.167612 0.264121
7435 0.00242397 0.0346597 0.24253 0.279614
7440 -0.0726523 0.0342273 0.298258 0.259833
7445 -0.146146 0.0250249 0.32833 0.207209
7450 -0.210676 0.0127455 0.331158 0.133228
7455 -0.259006 0.00132651 0.307003 0.0493242
7460 -0.287127 -0.00942797 0.260275 -0.0362797
7465 -0.293546 -0.0196045 0.203356 -0.109794
7470 -0.277102 -0.0254877 0.15107 -0.15152
7475 -0.241013 -0.0201183 0.111865 -0.149267
7480 -0.194298 0.00355326 0.0851224 -0.105622
7485 -0.145703 0.0463109 0.0661777 -0.0332145
7490 -0.0980848 0.0987629 0.0513636 0.0520416
7495 -0.0488505 0.145832 0.0365079 0.133489
7500 0.00594884 0.17288 0.016032 0.194861
7505 0.0647169 0.172077 -0.0139344 0.222859
7510 0.119225 0.145272 -0.0539368 0.21056
7515 0.158261 0.0975389 -0.102595 0.153205
7520 0.174423 0.034028 -0.1548 0.0536507
7525 0.168034 -0.0352234 -0.200393 -0.0675821
7530 0.145537 -0.0952825 -0.229431 -0.179177
7535 0.118046 -0.132011 -0.239663 -0.253628
7540 0.0944987 -0.137742 -0.235218 -0.278461
7545 0.0770901 -0.114308 -0.221575 -0.258793
7550 0.0653211 -0.0723009 -0.200741 -0.20772
7555 0.0603473 -0.0272519 -0.166549 -0.133454
7560 0.0627096 0.00526156 -0.11096 -0.0429892
7565 0.0683255 0.0169363 -0.0359513 0.0493105
7570 0.0683878 0.00746907 0.0441819 0.120039
7575 0.055623 -0.0202669 0.112299 0.147655
7580 0.0322241 -0.0617631 0.1546 0.125061
7585 0.0100994 -0.10974 0.1623 0.0626597
7590 0.000202532 -0.153333 0.1368 -0.0163302
7595 0.00477689 -0.179442 0.0911974 -0.0834675
7600 0.0176786 -0.178001 0.0433982 -0.116925
7605 0.0312068 -0.145661 0.00790514 -0.106549
7610 0.0407279 -0.0850973 -0.00875744 -0.0531269
7615 0.0435421 -0.00263075 -0.00802024 0.0328911
7620 0.0397084 0.0936358 0.0044141 0.137758
7625 0.0330489 0.193412 0.0209396 0.247401
7630 0.028053 0.283204 0.0339153 0.345172
7635 0.029216 0.347965 0.0401588 0.41734
7640 0.0378498 0.373253 0.0425023 0.453605
7645 0.0502183 0.351825 0.0457179 0.447761
7650 0.0605821 0.290096 0.0519649 0.402642
7655 0.0654399 0.205077 0.0592017 0.329718
7660 0.0650357 0.116509 0.0630941 0.244639
7665 0.0627059 0.0391814 0.0603709 0.162258
7670 0.0636494 -0.0197116 0.0483306 0.0922683
7675 0.0687629 -0.0578262 0.0239352 0.0348719
7680 0.0712903 -0.0778321 -0.0132569 -0.0197987
7685 0.0653503 -0.0864904 -0.0604628 -0.0816029
7690 0.054867 -0.089202 -0.109481 -0.143816
7695 0.0492841 -0.0890099 -0.14675 -0.186476
7700 0.0519677 -0.0868478 -0.159479 -0.194359
7705 0.0559891 -0.0829143 -0.139987 -0.166912
7710 0.0509159 -0.0790365 -0.0881037 -0.116224
7715 0.0317751 -0.0797323 -0.0133285 -0.0612858
7720 0.00110636 -0.0902386 0.0665084 -0.0226239
7725 -0.0348593 -0.111959 0.129185 -0.0176334
7730 -0.0693952 -0.141708 0.157633 -0.0534695
7735 -0.0971332 -0.174178 0.149358 -0.121952
7740 -0.115033 -0.201674 0.11569 -0.201017
7745 -0.119213 -0.212074 0.0730161 -0.258271
7750 -0.104064 -0.197282 0.0339394 -0.267407
7755 -0.0678203 -0.162178 0.00100657 -0.228991
7760 -0.0157411 -0.119355 -0.0287477 -0.163844
7765 0.0417089 -0.0773468 -0.0559244 -0.0915622
7770 0.094509 -0.039411 -0.0788058 -0.0237077
7775 0.136361 -0.00758522 -0.0962044 0.0325716
7780 0.159944 0.0193217 -0.106049 0.0732169
7785 0.155866 0.044959 -0.102371 0.0984546
7790 0.12118 0.0702783 -0.077077 0.114382
7795 0.0654436 0.0927713 -0.0278831 0.130332
7800 0.00665216 0.10955 0.036043 0.152245
7805 -0.0387619 0.120296 0.0968121 0.178346
7810 -0.0641429 0.127936 0.137089 0.200882
7815 -0.0712342 0.134561 0.148227 0.211554
7820 -0.0651513 0.137317 0.130374 0.202539
7825 -0.0518058 0.130488 0.087168 0.16585
7830 -0.034723 0.112856 0.0230916 0.101225
7835 -0.0153074 0.089464 -0.0527346 0.0214219
7840 0.00321985 0.0686867 -0.124793 -0.0528869
7845 0.0180121 0.0580126 -0.176045 -0.100021
7850 0.032117 0.0592519 -0.194855 -0.103486
7855 0.0484536 0.0707424 -0.178069 -0.0588727
7860 0.0628491 0.0908855 -0.133037 0.0206974
7865 0.0710659 0.11474 -0.0732849 0.112521
7870 0.0746573 0.13258 -0.0112387 0.195999
7875 0.0755948 0.132343 0.0437611 0.251699
7880 0.0710081 0.105035 0.0831431 0.259186
7885 0.0554186 0.0509589 0.0984771 0.204855
7890 0.0247425 -0.0167174 0.0865219 0.094547
7895 -0.0191098 -0.078335 0.0549112 -0.0425335
7900 -0.0649452 -0.12081 0.0175627 -0.168192
7905 -0.102102 -0.142238 -0.01567 -0.26001
7910 -0.12897 -0.143975 -0.0424004 -0.315345
7915 -0.148493 -0.124118 -0.0633718 -0.335983
7920 -0.161639 -0.0792347 -0.0821773 -0.323051
7925 -0.165851 -0.0108841 -0.103959 -0.280694
7930 -0.157537 0.0692461 -0.127627 -0.215917
7935 -0.135874 0.142913 -0.146009 -0.138969
7940 -0.105771 0.195265 -0.154335 -0.0648407
7945 -0.0793324 0.222294 -0.151815 -0.00885362
7950 -0.0706069 0.225179 -0.137047 0.0175242
7955 -0.0857208 0.202979 -0.108233 0.00902481
7960 -0.119114 0.15525 -0.0684462 -0.0323099
7965 -0.159206 0.0875182 -0.0254073 -0.0970952
7970 -0.195752 0.0124153 0.0126045 -0.170732
7975 -0.218281 -0.0548571 0.0378596 -0.235278
7980 -0.212335 -0.103201 0.0431818 -0.272354
7985 -0.168733 -0.128747 0.0228836 -0.274596
7990 -0.0929852 -0.131834 -0.0246292 -0.249449
7995 0.00154838 -0.110498 -0.0899362 -0.198885
8000 0.102795 -0.0597759 -0.151494 -0.108475
8005 0.200476 0.0162719 -0.186444 0.0303043
8010 0.283808 0.0979574 -0.184124 0.197641
8015 0.339109 0.159513 -0.149703 0.348918
8020 0.350588 0.182775 -0.0978305 0.435532
8025 0.308795 0.162535 -0.0396543 0.431676
8030 0.219656 0.102483 0.0214611 0.3436
8035 0.101005 0.011112 0.0841857 0.196303
8040 -0.0274787 -0.0973658 0.142517 0.0176723
8045 -0.148023 -0.204036 0.187095 -0.164965
8050 -0.247693 -0.289264 0.212005 -0.324952
8055 -0.318115 -0.337497 0.220289 -0.435324
8060 -0.353274 -0.34284 0.221103 -0.47501
8065 -0.350317 -0.308728 0.221651 -0.437394
8070 -0.312983 -0.241453 0.223921 -0.330515
8075 -0.250074 -0.148559 0.225609 -0.173024
8080 -0.167811 -0.0425253 0.223836 0.0134996
8085 -0.068579 0.0560428 0.216074 0.203538
8090 0.0427018 0.123335 0.196772 0.362809
8095 0.152558 0.143642 0.158868 0.455068
8100 0.240746 0.116839 0.100985 0.458571
8105 0.291372 0.0588098 0.0330273 0.383209
8110 0.304492 -0.00657675 -0.0315022 0.266413
8115 0.295631 -0.0596445 -0.0853876 0.150598
8120 0.281463 -0.0926243 -0.124415 0.0644239
8125 0.265475 -0.103841 -0.143742 0.0178928
8130 0.238848 -0.0901048 -0.142152 0.00659127
8135 0.192106 -0.0488454 -0.123387 0.0198745
8140 0.125417 0.0137189 -0.0948755 0.0442603
8145 0.0511316 0.0817356 -0.0626759 0.0701913
8150 -0.017621 0.136944 -0.0294711 0.0898514
8155 -0.0805965 0.167838 0.0021223 0.0893638
8160 -0.145952 0.173849 0.0269478 0.0548445
8165 -0.213915 0.160547 0.039003 -0.0143649
8170 -0.273595 0.133639 0.0351113 -0.104845
8175 -0.310339 0.0973205 0.0154493 -0.197569
8180 -0.315974 0.0555313 -0.0162913 -0.276734
8185 -0.294068 0.0118947 -0.0535231 -0.335697
8190 -0.25097 -0.0328386 -0.0893743 -0.373182
8195 -0.188455 -0.0804673 -0.117313 -0.386236
8200 -0.108845 -0.129678 -0.132316 -0.370839
8205 -0.0210895 -0.17325 -0.132458 -0.326798
8210 0.0615438 -0.200542 -0.119141 -0.258139
8215 0.129729 -0.202058 -0.0956311 -0.16796
8220 0.184227 -0.176234 -0.0654946 -0.0575021
8225 0.229188 -0.131519 -0.0302433 0.0674253
8230 0.261379 -0.0801147 0.00997333 0.191238
8235 0.271197 -0.033565 0.0509539 0.288586
8240 0.252428 0.00148575 0.0834802 0.337394
8245 0.209896 0.0277508 0.0997853 0.337432
8250 0.155766 0.0541647 0.0978775 0.307808
8255 0.0987363 0.0875272 0.0789464 0.26521
8260 0.0422369 0.127509 0.0475195 0.217265
8265 -0.0085334 0.166606 0.014436 0.172509
8270 -0.0464187 0.19153 -0.0087379 0.136373
8275 -0.0699295 0.19048 -0.0175424 0.103008
8280 -0.0828176 0.161157 -0.014385 0.0639546
8285 -0.0883413 0.111588 -0.00571454 0.0175325
8290 -0.0856583 0.0546501 0.00364589 -0.0273624
8295 -0.0724847 -0.00129534 0.0142066 -0.0595734
8300 -0.0504274 -0.0531885 0.0278223 -0.0757935
8305 -0.0244468 -0.0962389 0.0413871 -0.0792985
8310 0.000732584 -0.122224 0.046156 -0.0753356
8315 0.0230531 -0.125148 0.0339467 -0.0681477
8320 0.0425495 -0.106893 0.00406422 -0.0602796
8325 0.0578154 -0.0752882 -0.0383726 -0.0558455
8330 0.0663381 -0.0388105 -0.088951 -0.0614234
8335 0.0669414 -0.00233088 -0.142639 -0.0780283
8340 0.060102 0.0325503 -0.189695 -0.0970429
8345 0.0484738 0.0644701 -0.21997 -0.107026
8350 0.0367142 0.0923794 -0.229018 -0.0999242
8355 0.0290005 0.114126 -0.217148 -0.0740217
8360 0.0283445 0.123282 -0.184684 -0.0330577
8365 0.0365008 0.113014 -0.129381 0.0201336
8370 0.0523989 0.0864665 -0.0522683 0.0865971
8375 0.0718913 0.0566163 0.0361614 0.164669
8380 0.0870289 0.0316636 0.117597 0.236289
8385 0.0886159 0.00849301 0.175396 0.272505
8390 0.0732743 -0.0179291 0.202179 0.257524
8395 0.0418718 -0.0462805 0.198149 0.19374
8400 -0.00576579 -0.0734122 0.167309 0.0881313
8405 -0.0697205 -0.0997996 0.117475 -0.0520448
8410 -0.143079 -0.124311 0.062545 -0.204846
8415 -0.211486 -0.139601 0.0207177 -0.330369
8420 -0.263372 -0.138907 0.00377674 -0.398502
8425 -0.295668 -0.1211 0.00891821 -0.40785
8430 -0.309477 -0.088172 0.0249683 -0.372681
8435 -0.304004 -0.0439823 0.0445193 -0.303467
8440 -0.275153 0.00642202 0.0683345 -0.200397
8445 -0.22196 0.0552197 0.0985993 -0.0681408
8450 -0.153272 0.0894984 0.131058 0.067284
8455 -0.0847655 0.0960843 0.15601 0.167329
8460 -0.0278947 0.0712578 0.16404 0.207403
8465 0.0179366 0.0241778 0.151933 0.194048
8470 0.0582208 -0.0280248 0.121809 0.152005
8475 0.0919999 -0.0682678 0.0756937 0.0994258
8480 0.112324 -0.0878633 0.0171207 0.0415815
8485 0.113389 -0.0889477 -0.0447309 -0.0202896
8490 0.0981848 -0.0756953 -0.0953571 -0.0728676
8495 0.07951 -0.0476557 -0.121318 -0.0894638
8500 0.0715753 -0.00364452 -0.12163 -0.0536992
8505 0.0781557 0.0550947 -0.108209 0.0250412
8510 0.0881512 0.122254 -0.0925383 0.117867
8515 0.0867033 0.18529 -0.0740584 0.197935
8520 0.0686705 0.228884 -0.0434588 0.254095
8525 0.0394008 0.241529 0.00234677 0.283277
8530 0.00613936 0.21981 0.0539371 0.279886
8535 -0.0285867 0.170796 0.0955197 0.237729
8540 -0.0664849 0.110418 0.116807 0.16074
8545 -0.10619 0.0563242 0.119755 0.0698893
8550 -0.136079 0.018696 0.112401 -0.00498128
8555 -0.143395 -0.000894085 0.0997491 -0.0445404
8560 -0.127835 -0.00651474 0.0803642 -0.0539857
8565 -0.0992392 -0.00371197 0.052594 -0.0503571
8570 -0.0695154 0.00425111 0.021396 -0.0438683
8575 -0.0443633 0.0151127 -0.00848792 -0.0377385
8580 -0.0173194 0.0231109 -0.0389389 -0.0331474
8585 0.0201193 0.0227094 -0.0723792 -0.0295506
8590 0.0637095 0.0145466 -0.107903 -0.029647
8595 0.0988328 -0.000584982 -0.144464 -0.0462164
8600 0.115983 -0.0257932 -0.18024 -0.0900496
8605 0.118147 -0.0585798 -0.21065 -0.151083
8610 0.11288 -0.0863528 -0.231522 -0.204994
8615 0.102364 -0.0953643 -0.240583 -0.233583
8620 0.0822752 -0.0791494 -0.23536 -0.232234
8625 0.0498924 -0.0418063 -0.211946 -0.20386
8630 0.0103929 0.00522031 -0.167534 -0.151921
8635 -0.0259022 0.0510063 -0.104716 -0.0796116
8640 -0.0518135 0.0908845 -0.0347534 0.00431762
8645 -0.069153 0.121594 0.0229319 0.0753729
8650 -0.0862185 0.135124 0.0522642 0.10117
8655 -0.109425 0.126042 0.0519793 0.0685958
8660 -0.139144 0.0974967 0.0319876 -0.00965992
8665 -0.168874 0.0566922 0.00345848 -0.108724
8670 -0.185843 0.00955439 -0.0258314 -0.20212
8675 -0.179007 -0.039669 -0.0519211 -0.270597
8680 -0.150083 -0.0850112 -0.071146 -0.30624
8685 -0.113461 -0.118473 -0.0751848 -0.307119
8690 -0.0818491 -0.136244 -0.0554897 -0.273582
8695 -0.0559261 -0.142988 -0.0141417 -0.213055
8700 -0.0285253 -0.148694 0.0349043 -0.142315
8705 0.00820844 -0.157744 0.0786731 -0.0708621
8710 0.0575287 -0.161865 0.115066 0.0107298
8715 0.113732 -0.150317 0.147736 0.111152
8720 0.163798 -0.124277 0.178241 0.217762
8725 0.195977 -0.0948489 0.203532 0.30466
8730 0.205663 -0.0722797 0.216482 0.349865
8735 0.195651 -0.0585434 0.210556 0.347664
8740 0.172132 -0.045987 0.187708 0.313853
8745 0.142457 -0.0233453 0.157751 0.276863
8750 0.115727 0.0128546 0.127883 0.256464
8755 0.0998485 0.053275 0.0964105 0.249534
8760 0.0972874 0.0843729 0.0595592 0.241219
8765 0.106019 0.0991961 0.0201584 0.225374
8770 0.12161 0.0952013 -0.0145787 0.202233
8775 0.137598 0.0706408 -0.0429398 0.165299
8780 0.147336 0.0263442 -0.0706913 0.102989
8785 0.146186 -0.0328476 -0.101144 0.0121943
8790 0.130006 -0.0958083 -0.130575 -0.0963768
8795 0.0936963 -0.145965 -0.153966 -0.206234
8800 0.0327283 -0.168678 -0.168566 -0.304516
8805 -0.0491479 -0.158706 -0.171407 -0.37926
8810 -0.136659 -0.119715 -0.157231 -0.413605
8815 -0.211645 -0.0615368 -0.123479 -0.396661
8820 -0.259063 0.00249596 -0.0765455 -0.333113
8825 -0.267584 0.0590447 -0.0295901 -0.23813
8830 -0.232853 0.0974732 0.00676213 -0.128618
8835 -0.160539 0.111369 0.0325294 -0.0166407
8840 -0.0650081 0.0991722 0.0558397 0.0900037
8845 0.033593 0.0638071 0.0822839 0.179684
8850 0.11333 0.0138251 0.111125 0.23828
8855 0.157196 -0.040478 0.13774 0.254458
8860 0.157974 -0.0929409 0.154649 0.219682
8865 0.118652 -0.141035 0.157002 0.134619
8870 0.054492 -0.180205 0.148835 0.0231213
8875 -0.0102515 -0.203173 0.139937 -0.0734877
8880 -0.0559538 -0.203809 0.135896 -0.123867
8885 -0.0753917 -0.183552 0.129318 -0.129625
8890 -0.0682978 -0.152589 0.104587 -0.1163
8895 -0.0373105 -0.12411 0.0539975 -0.107423
8900 0.00712328 -0.103789 -0.0153282 -0.111994
8905 0.0481613 -0.0841659 -0.0898068 -0.125811
8910 0.0769631 -0.0533902 -0.159214 -0.135641
8915 0.0982285 -0.00662103 -0.218137 -0.126529
8920 0.119335 0.0500271 -0.26027 -0.0909084
8925 0.139098 0.103192 -0.274597 -0.0323071
8930 0.147735 0.144437 -0.24878 0.0433925
8935 0.136607 0.173689 -0.17749 0.132806
8940 0.105428 0.189973 -0.0687754 0.226625
8945 0.0621179 0.187185 0.0563527 0.305656
8950 0.0175659 0.163697 0.170745 0.352008
8955 -0.020765 0.129887 0.250238 0.35936
8960 -0.0495298 0.10267 0.278778 0.331918
8965 -0.0662146 0.092637 0.251719 0.278142
8970 -0.0679344 0.0981666 0.177312 0.207544
8975 -0.0566842 0.112874 0.0753822 0.131572
8980 -0.0413203 0.13153 -0.0288752 0.0613346
8985 -0.0291624 0.14905 -0.112488 0.00739914
8990 -0.0213126 0.15892 -0.160638 -0.0230303
8995 -0.0186596 0.153908 -0.168457 -0.033208
9000 -0.0228164 0.131037 -0.140763 -0.0325425
9005 -0.0311808 0.0977131 -0.092669 -0.0261367
9010 -0.0350919 0.0659467 -0.045216 -0.0143613
9015 -0.0231993 0.0388673 -0.0149546 0.000713425
9020 0.0086063 0.00906912 -0.00686031 0.0108151
9025 0.0528146 -0.0298808 -0.0162273 0.00670658
9030 0.0982491 -0.0761035 -0.0342659 -0.0121203
9035 0.137275 -0.122316 -0.0529051 -0.037946
9040 0.16528 -0.162461 -0.0661111 -0.0632925
9045 0.176646 -0.193863 -0.0701683 -0.0873859
9050 0.163254 -0.21451 -0.0646573 -0.115913
9055 0.122688 -0.218982 -0.0525527 -0.148846
9060 0.0645456 -0.201607 -0.0394927 -0.176554
9065 0.00230522 -0.16446 -0.0316052 -0.19376
9070 -0.0556026 -0.117193 -0.0309499 -0.203745
9075 -0.103551 -0.069413 -0.0330207 -0.205985
9080 -0.134195 -0.0265263 -0.0294506 -0.190172
9085 -0.141043 0.00917633 -0.0144904 -0.146357
9090 -0.124219 0.0378023 0.0107189 -0.0756978
9095 -0.0933832 0.0631316 0.0423829 0.0121313
9100 -0.0625076 0.0905645 0.0796915 0.107748
9105 -0.0415649 0.120814 0.123988 0.203237
9110 -0.0343689 0.148113 0.172702 0.286446
9115 -0.039085 0.165528 0.215641 0.342084
9120 -0.050476 0.17244 0.24018 0.362144
9125 -0.0630802 0.177439 0.242435 0.356794
9130 -0.0730898 0.187869 0.228832 0.343611
9135 -0.0801338 0.199618 0.203904 0.323388
9140 -0.0880494 0.202069 0.164999 0.279019
9145 -0.0979912 0.188002 0.112114 0.202125
9150 -0.102272 0.158468 0.0541122 0.110308
9155 -0.0908502 0.121108 0.00320859 0.0334665
9160 -0.0630087 0.0818258 -0.0317004 -0.0128833
9165 -0.0291479 0.0396748 -0.0462272 -0.0357002
9170 -0.00170913 -0.00880364 -0.0404631 -0.0509758
9175 0.0112401 -0.0625789 -0.0175164 -0.0688553
9180 0.00484162 -0.114454 0.0176785 -0.0919337
9185 -0.0231272 -0.153619 0.056997 -0.119749
9190 -0.0680195 -0.168798 0.0888744 -0.147943
9195 -0.116272 -0.151638 0.10176 -0.166149
9200 -0.150257 -0.100217 0.0905052 -0.159969
9205 -0.158756 -0.0201468 0.0599687 -0.118934
9210 -0.141828 0.075916 0.0219721 -0.04394
9215 -0.104921 0.170611 -0.0102557 0.0554351
9220 -0.0527986 0.243381 -0.0269065 0.163676
9225 0.00803582 0.275209 -0.0263118 0.256933
9230 0.0669856 0.258264 -0.0137785 0.311471
9235 0.11328 0.199454 0.00297999 0.315714
9240 0.138651 0.114217 0.012434 0.265302
9245 0.136058 0.0195994 0.00206146 0.157718
9250 0.10424 -0.0704694 -0.0331176 0.000652734
9255 0.0523439 -0.147664 -0.0871796 -0.1825
9260 -0.00497845 -0.209719 -0.149483 -0.364181
9265 -0.0572177 -0.255225 -0.209668 -0.522111
9270 -0.0994496 -0.279842 -0.255446 -0.634738
9275 -0.1275 -0.280916 -0.271403 -0.679818
9280 -0.134465 -0.261057 -0.247058 -0.642581
9285 -0.115179 -0.226475 -0.184644 -0.526297
9290 -0.0723594 -0.184189 -0.0994722 -0.356021
9295 -0.0189967 -0.137067 -0.015367 -0.17143
9300 0.0281545 -0.0850593 0.0441894 -0.0127153
9305 0.0597353 -0.0318962 0.0703519 0.098191
9310 0.0776441 0.0141707 0.0709216 0.162736
9315 0.0890912 0.0468525 0.0577063 0.19365
9320 0.09777 0.066757 0.0380678 0.202595
9325 0.105495 0.0796463 0.0182214 0.203363
9330 0.118231 0.0890572 0.00420518 0.211494
9335 0.14349 0.0883774 -0.00352054 0.228347
9340 0.182804 0.0661148 -0.0129275 0.235991
9345 0.227587 0.0215863 -0.0347759 0.214398
9350 0.263892 -0.0328757 -0.0713045 0.159711
9355 0.279445 -0.0838083 -0.11363 0.0820068
9360 0.269064 -0.126706 -0.152424 -0.0100657
9365 0.234693 -0.162745 -0.185724 -0.113775
9370 0.180858 -0.189993 -0.214227 -0.223362
9375 0.112773 -0.201313 -0.232395 -0.320936
9380 0.0368777 -0.189631 -0.232924 -0.385677
9385 -0.038176 -0.155279 -0.214695 -0.408149
9390 -0.100917 -0.106913 -0.181132 -0.388962
9395 -0.139894 -0.055793 -0.136456 -0.332143
9400 -0.148791 -0.0108587 -0.0869908 -0.246641
9405 -0.13225 0.0210306 -0.0422991 -0.153519
9410 -0.104356 0.0317358 -0.0109334 -0.0835539
9415 -0.0796926 0.0151315 0.0064973 -0.0580638
9420 -0.0654315 -0.0248055 0.0178849 -0.0723521
9425 -0.0588313 -0.0720256 0.0342636 -0.0965932
9430 -0.0508019 -0.105478 0.0632049 -0.0930752
9435 -0.0360824 -0.107447 0.105322 -0.0382069
9440 -0.018932 -0.0704817 0.154506 0.0650921
9445 -0.00636027 0.000906536 0.200606 0.195152
9450 -0.000932387 0.0931476 0.236228 0.328443
9455 0.00161459 0.188217 0.259173 0.449004
9460 0.00666958 0.267103 0.266739 0.540512
9465 0.0102505 0.314208 0.255719 0.580178
9470 0.0027772 0.320394 0.22694 0.550111
9475 -0.0165255 0.283175 0.185994 0.452644
9480 -0.0361803 0.20834 0.141305 0.313465
9485 -0.0439427 0.109871 0.099559 0.165488
9490 -0.0403684 0.00667005 0.064545 0.0308467
9495 -0.0372537 -0.0839095 0.039134 -0.0820293
9500 -0.0403953 -0.150702 0.0235742 -0.167523
9505 -0.0401136 -0.186643 0.0148025 -0.211954
9510 -0.0233153 -0.188731 0.00955173 -0.202494
9515 0.0110508 -0.160615 0.00454154 -0.145022
9520 0.0507421 -0.11118 -0.00655556 -0.0669938
9525 0.0819068 -0.0516848 -0.030102 0.000120056
9530 0.0997813 0.00845353 -0.0626434 0.0455914
9535 0.106509 0.0633901 -0.0934468 0.0764519
9540 0.105099 0.106399 -0.115817 0.0956806
9545 0.0978033 0.129848 -0.128811 0.0988402
9550 0.0859087 0.130842 -0.131973 0.0847783
9555 0.0712035 0.114201 -0.122434 0.0629699
9560 0.0578687 0.0898652 -0.0972083 0.0505256
9565 0.0493679 0.0649342 -0.0592769 0.0550253
9570 0.0438913 0.0391716 -0.0179659 0.065097
9575 0.034349 0.0110326 0.0186634 0.064045
9580 0.0131292 -0.0134628 0.0480632 0.0477296
9585 -0.0195541 -0.0224117 0.0740438 0.032078
9590 -0.052546 -0.00976991 0.100472 0.0381566
9595 -0.07328 0.0183947 0.124215 0.0693296
9600 -0.0766442 0.0488285 0.136171 0.108356
9605 -0.0631017 0.0717379 0.127983 0.136619
9610 -0.0335505 0.0878623 0.100178 0.15449
9615 0.0129042 0.103658 0.0648928 0.181455
9620 0.074153 0.118797 0.0358968 0.228847
9625 0.140591 0.121863 0.0202368 0.28269
9630 0.198147 0.0973595 0.0165977 0.312104
9635 0.233978 0.0377477 0.0190114 0.290737
9640 0.24062 -0.0516036 0.0247224 0.213739
9645 0.217919 -0.155017 0.0381544 0.101057
9650 0.170931 -0.252098 0.0592356 -0.0219306
9655 0.107555 -0.325466 0.0749754 -0.142935
9660 0.0370752 -0.367459 0.0696637 -0.260721
9665 -0.0326292 -0.377677 0.039615 -0.370692
9670 -0.097589 -0.35733 -0.0040037 -0.458922
9675 -0.155735 -0.309689 -0.0473681 -0.512792
9680 -0.204264 -0.241353 -0.0872821 -0.532899
9685 -0.24098 -0.162042 -0.130733 -0.533755
9690 -0.263319 -0.0830451 -0.183047 -0.529411
9695 -0.266487 -0.0146632 -0.244211 -0.525361
9700 -0.247641 0.0365924 -0.312999 -0.524048
9705 -0.208566 0.0707404 -0.387075 -0.524901
9710 -0.153162 0.0934542 -0.460053 -0.519761
9715 -0.0882142 0.111147 -0.517486 -0.494553
9720 -0.0252803 0.124794 -0.539059 -0.439546
9725 0.025179 0.131252 -0.508332 -0.351902
9730 0.0594287 0.129146 -0.425208 -0.236634
9735 0.0783931 0.121834 -0.307328 -0.1071
9740 0.0848383 0.115156 -0.175778 0.0242162
9745 0.0814831 0.113127 -0.0416993 0.152911
9750 0.0708686 0.113779 0.0903357 0.274984
9755 0.0541098 0.111965 0.212511 0.378586
9760 0.0305942 0.108169 0.310391 0.449154
9765 -0.00113615 0.109533 0.368381 0.476778
9770 -0.0406953 0.119164 0.380568 0.459037
9775 -0.0861647 0.130079 0.355284 0.399199
9780 -0.13369 0.129652 0.311332 0.307294
9785 -0.175041 0.106291 0.267579 0.198829
9790 -0.201724 0.0573157 0.233024 0.0886157
9795 -0.207541 -0.00937418 0.205628 -0.0112867
9800 -0.189106 -0.081679 0.179347 -0.0914384
9805 -0.152157 -0.148942 0.151931 -0.149167
9810 -0.113893 -0.200897 0.12988 -0.18491
9815 -0.0929688 -0.226327 0.125262 -0.194034
9820 -0.0945379 -0.218913 0.144044 -0.169408
9825 -0.108465 -0.18341 0.176988 -0.114887
9830 -0.122069 -0.132877 0.204171 -0.0507747
9835 -0.129624 -0.0792117 0.208181 -0.00065482
9840 -0.129246 -0.0290034 0.180867 0.0226173
9845 -0.115679 0.0108188 0.12157 0.0167104
9850 -0.0839443 0.0312278 0.034118 -0.0185984
9855 -0.0376275 0.0267915 -0.0747267 -0.0855627
9860 0.0136289 -0.00111738 -0.192994 -0.180482
9865 0.0646122 -0.0433394 -0.300687 -0.279414
9870 0.114631 -0.084862 -0.373621 -0.343852
9875 0.159552 -0.113371 -0.39596 -0.349779
9880 0.191884 -0.126723 -0.369477 -0.304316
9885 0.207995 -0.128255 -0.307623 -0.227883
9890 0.208336 -0.118381 -0.223133 -0.133178
9895 0.188945 -0.0979366 -0.123246 -0.0322376
9900 0.141904 -0.0723654 -0.0168103 0.0527285
9905 0.0670282 -0.049072 0.0773662 0.0953225
9910 -0.0229468 -0.0320207 0.137526 0.0825587
9915 -0.107542 -0.0207935 0.158023 0.0296884
9920 -0.167506 -0.0146495 0.151752 -0.0304029
9925 -0.189281 -0.0136093 0.134209 -0.0686816
9930 -0.166554 -0.0173221 0.112707 -0.0711687
9935 -0.100884 -0.0254202 0.0885717 -0.037733
9940 -0.00460385 -0.0350888 0.065776 0.0260833
9945 0.0983115 -0.0386677 0.0523521 0.111996
9950 0.183065 -0.0294219 0.0538907 0.207533
9955 0.237053 -0.00731038 0.0723988 0.302141
9960 0.259499 0.0223647 0.103735 0.385599
9965 0.252746 0.0544724 0.135722 0.44294
9970 0.21798 0.0848415 0.157606 0.460427
9975 0.16096 0.107056 0.165719 0.433735
9980 0.0981164 0.114134 0.155844 0.368095
9985 0.050701 0.105083 0.12081 0.276594
9990 0.0293472 0.0872729 0.0592338 0.175854
9995 0.026747 0.0713883 -0.0211106 0.0770246
10000 0.0272471 0.0639382 -0.108572 -0.0173868
