# Time-averaged data for fix out_vacf
Step VACF_x VACF_y VACF_z VACF_total
0 6.4466 6.80888 6.30276 19.5582
5 6.18437 6.47201 6.08453 18.7409
10 5.36375 5.58555 5.33131 16.2806
15 4.11109 4.28036 4.15786 12.5493
20 2.61622 2.73868 2.73339 8.08829
25 1.09109 1.15738 1.24938 3.49786
30 -0.273269 -0.289214 -0.11559 -0.678073
35 -1.33858 -1.47448 -1.2239 -4.03695
40 -2.03652 -2.32367 -1.99118 -6.35137
45 -2.36439 -2.80796 -2.39013 -7.56248
50 -2.37041 -2.94388 -2.44943 -7.76372
55 -2.14427 -2.79189 -2.24251 -7.17867
60 -1.79904 -2.44312 -1.86368 -6.10584
65 -1.44113 -1.99673 -1.4076 -4.84545
70 -1.14489 -1.53955 -0.959846 -3.64429
75 -0.94349 -1.13405 -0.588471 -2.66601
80 -0.833919 -0.81572 -0.334255 -1.98389
85 -0.791198 -0.594559 -0.206264 -1.59202
90 -0.784612 -0.457168 -0.188808 -1.43059
95 -0.785351 -0.37653 -0.251571 -1.41345
100 -0.765506 -0.323514 -0.355269 -1.44429
105 -0.701961 -0.272898 -0.457781 -1.43264
110 -0.586207 -0.207914 -0.523534 -1.31766
115 -0.430256 -0.122923 -0.531563 -1.08474
120 -0.26102 -0.0202057 -0.479016 -0.760241
125 -0.109515 0.091164 -0.379462 -0.397814
130 -0.000533501 0.193634 -0.258925 -0.0658241
135 0.0545526 0.265324 -0.144944 0.174932
140 0.0575205 0.286615 -0.0563262 0.28781
145 0.017112 0.244449 -0.00220102 0.25936
150 -0.0533129 0.138702 0.0167078 0.102097
155 -0.133088 -0.0108932 0.00794949 -0.136032
160 -0.198552 -0.168992 -0.0146712 -0.382216
165 -0.233391 -0.300951 -0.0369587 -0.5713
170 -0.229013 -0.383629 -0.0484477 -0.66109
175 -0.184701 -0.40783 -0.0426078 -0.635139
180 -0.113783 -0.377892 -0.0154223 -0.507097
185 -0.0385109 -0.306437 0.0322457 -0.312702
190 0.0247929 -0.208643 0.0939979 -0.0898525
195 0.0735261 -0.101947 0.161479 0.133059
200 0.114386 -0.00542753 0.225563 0.334522
205 0.153664 0.0667886 0.274621 0.495073
210 0.191753 0.112039 0.299433 0.603226
215 0.221448 0.136816 0.296832 0.655096
220 0.232012 0.143968 0.268011 0.643991
225 0.218352 0.127006 0.216239 0.561597
230 0.183572 0.0774579 0.143527 0.404556
235 0.133222 -0.00199962 0.0531337 0.184356
240 0.0709968 -0.0924412 -0.0452732 -0.0667176
245 0.00361214 -0.170707 -0.140741 -0.307837
250 -0.0566299 -0.221549 -0.226011 -0.50419
255 -0.0979315 -0.237927 -0.295437 -0.631296
260 -0.115587 -0.221104 -0.341706 -0.678397
265 -0.111347 -0.180024 -0.357403 -0.648774
270 -0.0894781 -0.127257 -0.339244 -0.555979
275 -0.0581227 -0.0788127 -0.286252 -0.423187
280 -0.0285872 -0.0489343 -0.199039 -0.27656
285 -0.0112773 -0.0389161 -0.085558 -0.135751
290 -0.0144323 -0.035535 0.0354702 -0.014497
295 -0.0440275 -0.0225867 0.140432 0.0738182
300 -0.100474 0.00949581 0.209262 0.118283
305 -0.175669 0.0603018 0.231026 0.115659
310 -0.251283 0.119177 0.20953 0.0774246
315 -0.301958 0.170964 0.161119 0.0301248
320 -0.306595 0.203759 0.101376 -0.00146029
325 -0.258541 0.209817 0.0355816 -0.0131431
330 -0.168082 0.187168 -0.0391401 -0.0200537
335 -0.0553812 0.144057 -0.12356 -0.0348841
340 0.0608912 0.0961158 -0.207806 -0.050799
345 0.166306 0.0575133 -0.275112 -0.0512927
350 0.248676 0.0335889 -0.310726 -0.0284613
355 0.299442 0.022526 -0.309217 0.0127506
360 0.313888 0.0185247 -0.276526 0.0558866
365 0.293062 0.011118 -0.225067 0.0791123
370 0.244543 -0.011571 -0.166904 0.0660672
375 0.175763 -0.0536669 -0.111481 0.0106148
380 0.0920829 -0.106712 -0.0679039 -0.0825329
385 0.000859697 -0.15728 -0.0457303 -0.20215
390 -0.0863218 -0.195733 -0.0491531 -0.331208
395 -0.157473 -0.214846 -0.0700647 -0.442383
400 -0.203187 -0.206734 -0.090768 -0.500689
405 -0.217375 -0.166263 -0.0919584 -0.475596
410 -0.200879 -0.0953743 -0.0604567 -0.35671
415 -0.160713 -0.00368898 0.00625683 -0.158145
420 -0.10405 0.0930694 0.0976309 0.0866504
425 -0.0385013 0.17934 0.193185 0.334024
430 0.0254582 0.246185 0.2707 0.542343
435 0.0766895 0.29028 0.31547 0.68244
440 0.107471 0.308127 0.322545 0.738142
445 0.116522 0.292519 0.29335 0.702391
450 0.107892 0.238444 0.233702 0.580037
455 0.0874954 0.152037 0.153942 0.393474
460 0.061916 0.0545447 0.0653512 0.181812
465 0.0380136 -0.027698 -0.0246181 -0.0143025
470 0.0216816 -0.0780834 -0.111027 -0.167429
475 0.0150789 -0.0929788 -0.186457 -0.264357
480 0.0149644 -0.0788208 -0.239539 -0.303396
485 0.0131663 -0.0482303 -0.260817 -0.295881
490 0.000404586 -0.014704 -0.249712 -0.264012
495 -0.0263075 0.0126775 -0.214901 -0.228531
500 -0.0606079 0.0308118 -0.1665 -0.196296
505 -0.0920788 0.0386453 -0.111981 -0.165414
510 -0.114052 0.0349853 -0.0570519 -0.136118
515 -0.124881 0.0203877 -0.00807713 -0.112571
520 -0.123707 -0.00182651 0.0263449 -0.0991883
525 -0.107678 -0.0275565 0.0381133 -0.0971217
530 -0.0773157 -0.0519431 0.0236203 -0.105639
535 -0.0399414 -0.0699922 -0.0135761 -0.12351
540 -0.00311488 -0.0789535 -0.065072 -0.14714
545 0.0331262 -0.0758053 -0.121728 -0.164407
550 0.0722929 -0.0558865 -0.171768 -0.155362
555 0.115785 -0.0172567 -0.198793 -0.100265
560 0.160346 0.031275 -0.190629 0.000992664
565 0.196392 0.0710885 -0.150693 0.116788
570 0.213082 0.0870795 -0.0923987 0.207763
575 0.207955 0.0789512 -0.0230232 0.263883
580 0.190408 0.0598431 0.0585325 0.308784
585 0.172612 0.0448176 0.149503 0.366932
590 0.160137 0.0397047 0.23981 0.439652
595 0.154784 0.0413213 0.316097 0.512202
600 0.158157 0.0480113 0.364099 0.570268
605 0.169768 0.062872 0.371965 0.604604
610 0.184953 0.0853744 0.335752 0.606079
615 0.192763 0.105451 0.261397 0.559611
620 0.179434 0.109543 0.161515 0.450492
625 0.140471 0.0922044 0.0510418 0.283717
630 0.0854173 0.0599164 -0.0572673 0.0880664
635 0.0293593 0.0228746 -0.153789 -0.101556
640 -0.0177462 -0.0124722 -0.227685 -0.257904
645 -0.0515447 -0.0423106 -0.266551 -0.360407
650 -0.0697057 -0.0631471 -0.263059 -0.395912
655 -0.0724681 -0.0730745 -0.222269 -0.367811
660 -0.0623963 -0.0725838 -0.158277 -0.293257
665 -0.0444003 -0.0642378 -0.0850828 -0.193721
670 -0.0274781 -0.0496543 -0.0136573 -0.0907897
675 -0.0211599 -0.0300549 0.0450488 -0.00616602
680 -0.0290107 -0.0104099 0.0816068 0.0421862
685 -0.0491463 -0.00254538 0.0929667 0.041275
690 -0.0794015 -0.0189861 0.0845945 -0.0137931
695 -0.115773 -0.0598413 0.0697612 -0.105853
700 -0.150494 -0.111079 0.0642889 -0.197285
705 -0.176766 -0.158222 0.0759912 -0.258997
710 -0.190753 -0.198607 0.0977507 -0.291609
715 -0.191304 -0.235365 0.115116 -0.311554
720 -0.179188 -0.263861 0.119557 -0.323492
725 -0.155391 -0.269242 0.1104 -0.314233
730 -0.119997 -0.238522 0.08545 -0.273069
735 -0.0727951 -0.172043 0.0379896 -0.206848
740 -0.0163383 -0.0818079 -0.0341434 -0.13229
745 0.0436653 0.017325 -0.119374 -0.0583833
750 0.101741 0.1125 -0.195368 0.0188731
755 0.154364 0.190683 -0.241416 0.10363
760 0.19857 0.238251 -0.248247 0.188574
765 0.232851 0.247717 -0.219288 0.26128
770 0.254903 0.222916 -0.165261 0.312558
775 0.256286 0.174801 -0.0964961 0.334592
780 0.225746 0.117237 -0.0207517 0.322231
785 0.159814 0.0620244 0.053795 0.275634
790 0.0694547 0.0162026 0.118944 0.204601
795 -0.0241679 -0.0155475 0.168392 0.128676
800 -0.0992411 -0.0312353 0.197708 0.0672314
805 -0.142336 -0.0354297 0.207011 0.0292457
810 -0.152505 -0.0374193 0.202097 0.0121722
815 -0.138202 -0.0429952 0.187107 0.00591036
820 -0.110221 -0.0498806 0.162053 0.00195198
825 -0.0788669 -0.0538975 0.126897 -0.00586772
830 -0.0559188 -0.0551062 0.0821863 -0.0288388
835 -0.05256 -0.0535091 0.0277903 -0.0782788
840 -0.0711209 -0.0427849 -0.0325729 -0.146479
845 -0.101011 -0.0139194 -0.0891786 -0.204109
850 -0.12533 0.0349212 -0.130867 -0.221276
855 -0.129248 0.0931804 -0.150026 -0.186094
860 -0.104192 0.143824 -0.142459 -0.102827
865 -0.0517765 0.17496 -0.10765 0.0155334
870 0.0149079 0.183517 -0.0526014 0.145824
875 0.0799365 0.168667 0.0088748 0.257479
880 0.130832 0.129311 0.0623409 0.322485
885 0.160972 0.0682695 0.0963588 0.325601
890 0.170753 -0.00430865 0.103802 0.270247
895 0.162783 -0.0708251 0.0840809 0.176039
900 0.135341 -0.114714 0.0441091 0.0647369
905 0.0855658 -0.128911 -0.00226299 -0.0456078
910 0.0159228 -0.115735 -0.0400732 -0.139885
915 -0.0643736 -0.0853655 -0.0603956 -0.210135
920 -0.141721 -0.0506107 -0.0601257 -0.252457
925 -0.205095 -0.0205862 -0.0407311 -0.266412
930 -0.250483 -0.000936611 -0.00804491 -0.259464
935 -0.279916 0.00689372 0.0289593 -0.244063
940 -0.296735 0.00565431 0.0619043 -0.229177
945 -0.300256 -0.00297864 0.087146 -0.216088
950 -0.284503 -0.0201194 0.105086 -0.199537
955 -0.244339 -0.0458872 0.114845 -0.175381
960 -0.18412 -0.0769472 0.110923 -0.150144
965 -0.119427 -0.102825 0.090519 -0.131733
970 -0.0665385 -0.109754 0.0576148 -0.118677
975 -0.0303855 -0.0904757 0.0215955 -0.0992657
980 -0.00467627 -0.0483186 -0.00520288 -0.0581978
985 0.017384 0.00607542 -0.0135761 0.00988327
990 0.0383274 0.0617562 -0.00220787 0.0978758
995 0.0601686 0.109474 0.0235595 0.193202
1000 0.0833465 0.141915 0.0552187 0.28048
1005 0.103506 0.153607 0.0818431 0.338957
1010 0.114933 0.141521 0.0908656 0.34732
1015 0.11703 0.10971 0.0746093 0.301349
1020 0.114073 0.0699258 0.0367669 0.220766
1025 0.109163 0.0341217 -0.0109972 0.132287
1030 0.102252 0.00637026 -0.056533 0.0520891
1035 0.0907492 -0.016262 -0.0923197 -0.0178324
1040 0.0689729 -0.0351338 -0.114089 -0.0802502
1045 0.0329089 -0.0462505 -0.119249 -0.13259
1050 -0.0137103 -0.0451115 -0.10968 -0.168502
1055 -0.0642109 -0.0322667 -0.0929289 -0.189406
1060 -0.114687 -0.0150735 -0.0763405 -0.206101
1065 -0.162428 -0.00370401 -0.0634652 -0.229598
1070 -0.20197 -0.000532849 -0.0570657 -0.259568
1075 -0.225664 0.0015234 -0.0606576 -0.284798
1080 -0.224143 0.00796616 -0.0779798 -0.294157
1085 -0.189101 0.0131685 -0.112085 -0.288017
1090 -0.119521 0.00380202 -0.160026 -0.275744
1095 -0.0253154 -0.0273554 -0.208692 -0.261363
1100 0.0747143 -0.0747343 -0.24164 -0.24166
1105 0.162196 -0.125756 -0.249588 -0.213148
1110 0.228025 -0.169198 -0.228703 -0.169876
1115 0.270511 -0.198997 -0.17864 -0.107125
1120 0.289536 -0.215658 -0.106738 -0.032859
1125 0.28617 -0.223661 -0.0268524 0.0356564
1130 0.265561 -0.227172 0.0487951 0.0871837
1135 0.234331 -0.227335 0.113606 0.120602
1140 0.197092 -0.221447 0.167279 0.142924
1145 0.155686 -0.202006 0.21321 0.166891
1150 0.111354 -0.162606 0.251927 0.200676
1155 0.0672427 -0.107504 0.277298 0.237036
1160 0.0293351 -0.0504015 0.280112 0.259046
1165 0.00161865 -0.00455038 0.252919 0.249988
1170 -0.0169493 0.0231376 0.195121 0.201309
1175 -0.0297461 0.028802 0.116993 0.116049
1180 -0.0387048 0.00774919 0.0345416 0.00358597
1185 -0.0427232 -0.0404067 -0.0381028 -0.121233
1190 -0.0404946 -0.103207 -0.0907189 -0.234421
1195 -0.03419 -0.158246 -0.117294 -0.30973
1200 -0.0289485 -0.186859 -0.119744 -0.335551
1205 -0.0286538 -0.181434 -0.107148 -0.317236
1210 -0.0332615 -0.142499 -0.0909281 -0.266689
1215 -0.0428101 -0.0753958 -0.0823129 -0.200519
1220 -0.0620476 0.0116679 -0.090091 -0.140471
1225 -0.0979166 0.10636 -0.11399 -0.105547
1230 -0.152048 0.187716 -0.140363 -0.104696
1235 -0.213583 0.233625 -0.149409 -0.129367
1240 -0.261427 0.23719 -0.127174 -0.151412
1245 -0.274534 0.209176 -0.0735301 -0.138888
1250 -0.244312 0.167165 0.00114433 -0.0760029
1255 -0.178595 0.125704 0.0855724 0.0326809
1260 -0.0942256 0.0950536 0.170165 0.170993
1265 -0.00695651 0.0828945 0.243504 0.319442
1270 0.0720515 0.0916352 0.292 0.455686
1275 0.135197 0.117252 0.303821 0.55627
1280 0.179333 0.15312 0.274867 0.607321
1285 0.204387 0.190466 0.214043 0.608897
1290 0.207866 0.21845 0.140126 0.566442
1295 0.185844 0.227264 0.0676014 0.48071
1300 0.14176 0.211894 0.000484278 0.354138
1305 0.0871621 0.17408 -0.0596449 0.201597
1310 0.0326119 0.119086 -0.10653 0.045168
1315 -0.0146017 0.0513195 -0.132894 -0.0961763
1320 -0.0476535 -0.0266102 -0.134218 -0.208482
1325 -0.0628931 -0.110155 -0.110378 -0.283427
1330 -0.0643786 -0.190771 -0.0660292 -0.321179
1335 -0.0621285 -0.257132 -0.0112887 -0.330549
1340 -0.0638577 -0.298674 0.0394936 -0.323038
1345 -0.0672007 -0.30903 0.0721405 -0.30409
1350 -0.0603148 -0.288583 0.0810089 -0.267889
1355 -0.0355027 -0.24709 0.0716724 -0.21092
1360 -0.000405954 -0.203307 0.0520916 -0.151621
1365 0.0290076 -0.172244 0.0256468 -0.117589
1370 0.0444611 -0.153286 -0.00678893 -0.115614
1375 0.0503866 -0.1332 -0.0403383 -0.123152
1380 0.0558622 -0.100262 -0.0646093 -0.109009
1385 0.0639682 -0.0557841 -0.0716249 -0.0634408
1390 0.069719 -0.011574 -0.0636435 -0.00549849
1395 0.0673755 0.0231599 -0.0515415 0.0389938
1400 0.0565841 0.0500556 -0.044542 0.0620976
1405 0.0426595 0.0779277 -0.0434058 0.0771814
1410 0.0322419 0.11132 -0.0403835 0.103179
1415 0.0293422 0.142005 -0.0263371 0.14501
1420 0.0323211 0.157938 -0.0010542 0.189205
1425 0.035034 0.156007 0.0273066 0.218348
1430 0.0301842 0.142079 0.0496266 0.22189
1435 0.0108632 0.121135 0.0588269 0.190826
1440 -0.0256564 0.0924246 0.0511228 0.117891
1445 -0.0738981 0.0541854 0.0268429 0.00713018
1450 -0.123504 0.0110289 -0.0130645 -0.12554
1455 -0.16303 -0.025916 -0.0660648 -0.255011
1460 -0.183814 -0.0463071 -0.124536 -0.354657
1465 -0.1833 -0.0477217 -0.175222 -0.406243
1470 -0.164921 -0.0372942 -0.206528 -0.408743
1475 -0.137498 -0.0258348 -0.216375 -0.379708
1480 -0.111776 -0.0216563 -0.208395 -0.341827
1485 -0.0939979 -0.0254767 -0.186443 -0.305918
1490 -0.0795975 -0.030262 -0.15626 -0.26612
1495 -0.0571551 -0.0280485 -0.122008 -0.207211
1500 -0.0189871 -0.0160328 -0.0790477 -0.114068
1505 0.0338159 0.000470978 -0.0204646 0.0138223
1510 0.0973974 0.0103472 0.0525504 0.160295
1515 0.1712 0.00624499 0.129383 0.306828
1520 0.252343 -0.00837219 0.193606 0.437577
1525 0.329617 -0.0210957 0.2298 0.538321
1530 0.387046 -0.021862 0.231547 0.596731
1535 0.412113 -0.0139929 0.204562 0.602682
1540 0.397213 -0.010969 0.161969 0.548214
1545 0.340645 -0.0223309 0.116022 0.434336
1550 0.246695 -0.0482507 0.0760487 0.274493
1555 0.127535 -0.0836301 0.050988 0.0948932
1560 0.00305873 -0.121732 0.0467791 -0.071894
1565 -0.104926 -0.153992 0.0596503 -0.199267
1570 -0.179827 -0.171212 0.0766364 -0.274402
1575 -0.215912 -0.16652 0.0844434 -0.297989
1580 -0.217941 -0.134721 0.0773604 -0.275302
1585 -0.194683 -0.0742645 0.0585486 -0.210398
1590 -0.152814 0.00705856 0.0346001 -0.111156
1595 -0.0981649 0.0929402 0.0108296 0.00560485
1600 -0.0424122 0.165895 -0.0112155 0.112267
1605 -0.00167896 0.213768 -0.0312812 0.180808
1610 0.0153521 0.231851 -0.0441137 0.20309
1615 0.0130295 0.223525 -0.0419023 0.194653
1620 0.0030896 0.198481 -0.0244687 0.177102
1625 -0.0048488 0.166562 -0.000590635 0.161123
1630 -0.00980818 0.134259 0.0185442 0.142995
1635 -0.0176102 0.104975 0.0251685 0.112533
1640 -0.030232 0.0826712 0.0172106 0.0696498
1645 -0.0417752 0.0717097 -0.00147997 0.0284545
1650 -0.0472472 0.0710436 -0.0231022 0.000694288
1655 -0.0487446 0.0735034 -0.0413939 -0.0166351
1660 -0.0519685 0.0706447 -0.0541679 -0.0354916
1665 -0.0590177 0.0594397 -0.0589695 -0.0585475
1670 -0.0660962 0.0439473 -0.0518336 -0.0739824
1675 -0.0662774 0.0307421 -0.03136 -0.0668954
1680 -0.0566955 0.0252074 0.000225217 -0.0312629
1685 -0.0421583 0.028525 0.035943 0.0223097
1690 -0.026472 0.0371459 0.0648592 0.075533
1695 -0.00884081 0.0434063 0.0768628 0.111428
1700 0.0109694 0.0379703 0.0667691 0.115709
1705 0.0310799 0.0162498 0.0346868 0.0820165
1710 0.0482436 -0.0179821 -0.0138252 0.0164363
1715 0.0576248 -0.0565266 -0.0643078 -0.0632096
1720 0.055864 -0.0935111 -0.0944254 -0.132072
1725 0.045959 -0.126987 -0.0868179 -0.167846
1730 0.0336145 -0.157837 -0.0385014 -0.162724
1735 0.021602 -0.187896 0.0402001 -0.126094
1740 0.00907368 -0.215097 0.130476 -0.0755464
1745 -0.00673327 -0.232865 0.212903 -0.0266947
1750 -0.0307683 -0.235919 0.274238 0.00755095
1755 -0.0669275 -0.223071 0.306213 0.0162145
1760 -0.111193 -0.193019 0.300662 -0.00354895
1765 -0.14845 -0.143224 0.253352 -0.0383214
1770 -0.162628 -0.0740901 0.169136 -0.0675822
1775 -0.147038 0.0123847 0.0609391 -0.0737138
1780 -0.106206 0.111068 -0.0538628 -0.0490011
1785 -0.0502188 0.204835 -0.158899 -0.00428325
1790 0.0109479 0.268748 -0.241999 0.0376966
1795 0.0670463 0.289312 -0.293359 0.0629997
1800 0.104919 0.27224 -0.306133 0.0710251
1805 0.110096 0.23157 -0.280126 0.0615395
1810 0.0760407 0.176499 -0.222484 0.0300566
1815 0.0116764 0.110475 -0.147126 -0.0249743
1820 -0.0630995 0.0362598 -0.0716329 -0.0984726
1825 -0.123898 -0.039397 -0.0105643 -0.17386
1830 -0.147816 -0.105763 0.0297618 -0.223817
1835 -0.124701 -0.15472 0.0514257 -0.227996
1840 -0.0637904 -0.185913 0.060306 -0.189398
1845 0.0133281 -0.203363 0.0600918 -0.129943
1850 0.085413 -0.209539 0.0499577 -0.0741684
1855 0.140666 -0.202441 0.0269677 -0.0348066
1860 0.176293 -0.180662 -0.00487573 -0.00924442
1865 0.190608 -0.149369 -0.0312051 0.0100336
1870 0.179191 -0.117581 -0.0394889 0.0221214
1875 0.139124 -0.0894337 -0.0308339 0.018856
1880 0.072459 -0.0629339 -0.0172327 -0.00770757
1885 -0.0151109 -0.0372828 -0.00851276 -0.0609065
1890 -0.11771 -0.0158878 -0.00464232 -0.138241
1895 -0.229124 -0.00194446 -0.000373447 -0.231442
1900 -0.336207 0.00845661 0.00397549 -0.323775
1905 -0.415133 0.0226306 0.000406036 -0.392096
1910 -0.44049 0.0397093 -0.0170305 -0.417811
1915 -0.402492 0.0522942 -0.0430556 -0.393253
1920 -0.317137 0.0580441 -0.0642375 -0.323331
1925 -0.214334 0.0599465 -0.0708716 -0.225259
1930 -0.116777 0.0572406 -0.0631839 -0.12272
1935 -0.0312046 0.0428997 -0.0484158 -0.0367207
1940 0.0421713 0.0124692 -0.0342 0.0204405
1945 0.0999984 -0.0278827 -0.0250752 0.0470406
1950 0.137923 -0.0629943 -0.024291 0.050638
1955 0.15344 -0.0786307 -0.0352758 0.0395331
1960 0.149329 -0.0716249 -0.0610033 0.0167011
1965 0.132753 -0.0496816 -0.103079 -0.0200085
1970 0.108312 -0.0226051 -0.157762 -0.0720547
1975 0.0729544 0.00434193 -0.213777 -0.136481
1980 0.0217567 0.0274604 -0.256955 -0.207738
1985 -0.044615 0.0417541 -0.276427 -0.279287
1990 -0.116239 0.0445753 -0.266487 -0.338151
1995 -0.175933 0.0392615 -0.225352 -0.362023
2000 -0.209653 0.0334094 -0.155479 -0.331723
2005 -0.212115 0.0321418 -0.0649842 -0.244957
2010 -0.183803 0.033778 0.0330175 -0.117007
2015 -0.130502 0.033112 0.126044 0.0286533
2020 -0.0641049 0.0261593 0.205754 0.167809
2025 0.00375141 0.0127511 0.266109 0.282612
2030 0.0681181 -0.00434386 0.306029 0.369803
2035 0.128247 -0.0205551 0.331416 0.439108
2040 0.181022 -0.0301581 0.348227 0.499091
2045 0.218058 -0.0293113 0.355686 0.544433
2050 0.228493 -0.0180456 0.346573 0.55702
2055 0.20495 0.000391937 0.312772 0.518114
2060 0.152271 0.0208348 0.254103 0.427209
2065 0.0848708 0.0393221 0.182662 0.306855
2070 0.0135819 0.0537695 0.114331 0.181682
2075 -0.0558183 0.065145 0.0559392 0.0652659
2080 -0.114853 0.0782221 0.00613498 -0.030496
2085 -0.150232 0.0982355 -0.0364837 -0.0884803
2090 -0.15054 0.125126 -0.0709349 -0.0963493
2095 -0.114998 0.152619 -0.0967195 -0.0590989
2100 -0.055391 0.16984 -0.116311 -0.00186218
2105 0.0081302 0.162868 -0.132777 0.0382205
2110 0.057065 0.121637 -0.145319 0.0333826
2115 0.0822193 0.0466257 -0.149582 -0.0207369
2120 0.0820565 -0.0506903 -0.141524 -0.110158
2125 0.0588208 -0.153795 -0.122251 -0.217225
2130 0.019832 -0.247067 -0.0964117 -0.323647
2135 -0.0226415 -0.317691 -0.0680584 -0.408391
2140 -0.0561355 -0.356103 -0.0388251 -0.451063
2145 -0.0725565 -0.355031 -0.0101765 -0.437764
2150 -0.069715 -0.311401 0.0138573 -0.367259
2155 -0.0506293 -0.232772 0.0292505 -0.254151
2160 -0.0220194 -0.138831 0.037262 -0.123588
2165 0.00911867 -0.0544584 0.0447332 -0.000606446
2170 0.0384355 3.61037e-05 0.0575902 0.0960618
2175 0.0639476 0.0184971 0.0747117 0.157156
2180 0.0853421 0.0111313 0.0875508 0.184024
2185 0.104349 -0.0082471 0.0877963 0.183899
2190 0.121969 -0.0322271 0.0764109 0.166153
2195 0.135261 -0.0565384 0.0607317 0.139454
2200 0.139307 -0.0743585 0.0450732 0.110022
2205 0.134997 -0.076063 0.0291626 0.0880963
2210 0.131765 -0.0543937 0.0137585 0.0911296
2215 0.13886 -0.0127533 0.00269789 0.128805
2220 0.156222 0.0350189 -0.00102277 0.190218
2225 0.176472 0.0761984 -0.000408762 0.252262
2230 0.192756 0.10817 -0.0052211 0.295706
2235 0.20139 0.135312 -0.0254901 0.311212
2240 0.19956 0.161578 -0.0638033 0.297335
2245 0.183445 0.188197 -0.113681 0.257961
2250 0.15188 0.212836 -0.163794 0.200922
2255 0.109239 0.227763 -0.201428 0.135574
2260 0.0596097 0.225263 -0.216807 0.0680663
2265 0.00496475 0.204172 -0.206631 0.00250555
2270 -0.0506069 0.16996 -0.171718 -0.0523651
2275 -0.100778 0.131886 -0.11499 -0.0838816
2280 -0.138205 0.100071 -0.0450326 -0.0831669
2285 -0.155373 0.0815085 0.0237528 -0.0501118
2290 -0.14638 0.0765137 0.077635 0.00776843
2295 -0.107753 0.0769388 0.110391 0.0795761
2300 -0.0396567 0.0719323 0.124745 0.157021
2305 0.0504174 0.0550892 0.126882 0.232389
2310 0.145076 0.0250323 0.118693 0.288801
2315 0.222093 -0.0130928 0.0992589 0.308259
2320 0.262366 -0.0483654 0.0710312 0.285032
2325 0.253912 -0.0731477 0.0390147 0.219779
2330 0.194328 -0.0865341 0.00739077 0.115185
2335 0.0919645 -0.0903328 -0.0221899 -0.0205582
2340 -0.0351777 -0.0853672 -0.0497075 -0.170252
2345 -0.165237 -0.0697861 -0.0772005 -0.312223
2350 -0.276262 -0.039761 -0.104996 -0.421019
2355 -0.348423 0.00374235 -0.125542 -0.470223
2360 -0.370231 0.0498275 -0.126928 -0.447331
2365 -0.34027 0.0830193 -0.103772 -0.361023
2370 -0.268147 0.0927574 -0.0645409 -0.23993
2375 -0.174045 0.0799169 -0.0268197 -0.120948
2380 -0.0787132 0.0554923 -0.00438277 -0.0276037
2385 0.00617971 0.0339065 -0.000421506 0.0396647
2390 0.0752581 0.0264838 -0.00964813 0.0920938
2395 0.124679 0.034103 -0.0224201 0.136362
2400 0.149439 0.0469495 -0.0328067 0.163581
2405 0.144582 0.0547931 -0.0453409 0.154034
2410 0.110408 0.0528401 -0.0667918 0.096456
2415 0.0553716 0.0407605 -0.0920969 0.0040352
2420 -0.00577798 0.0195967 -0.10708 -0.0932617
2425 -0.0586057 -0.00857514 -0.0988519 -0.166033
2430 -0.0964302 -0.0373567 -0.063104 -0.196891
2435 -0.119089 -0.059217 -0.00697878 -0.185284
2440 -0.126253 -0.0709528 0.0555431 -0.141663
2445 -0.11643 -0.0749743 0.108546 -0.082858
2450 -0.0894969 -0.0747908 0.138784 -0.0255041
2455 -0.0504796 -0.0715702 0.140346 0.0182964
2460 -0.00915686 -0.0663223 0.117246 0.0417666
2465 0.0249078 -0.063039 0.0803293 0.0421982
2470 0.0460913 -0.0656832 0.0410088 0.0214169
2475 0.0521706 -0.0704972 0.00859975 -0.00972687
2480 0.0430968 -0.0658784 -0.0120146 -0.0347962
2485 0.0220085 -0.0408791 -0.0229064 -0.0417769
2490 -0.00435212 0.00406649 -0.0268461 -0.0271317
2495 -0.0285689 0.0566242 -0.0179049 0.0101504
2500 -0.0459777 0.104053 0.0121134 0.0701886
2505 -0.0538097 0.142968 0.0614237 0.150582
2510 -0.0483452 0.1747 0.117348 0.243703
2515 -0.0258676 0.19536 0.163273 0.332766
2520 0.0156386 0.195673 0.184745 0.396057
2525 0.0715829 0.169146 0.172884 0.413614
2530 0.127852 0.118568 0.126684 0.373104
2535 0.168995 0.0534775 0.0562865 0.278759
2540 0.185259 -0.0131029 -0.0225109 0.149645
2545 0.170546 -0.0659014 -0.0976312 0.00701389
2550 0.123997 -0.0905706 -0.160964 -0.127539
2555 0.0521893 -0.0777591 -0.202506 -0.228075
2560 -0.0357696 -0.0269203 -0.212706 -0.275396
2565 -0.130671 0.0509295 -0.18759 -0.267332
2570 -0.218523 0.136932 -0.130304 -0.211895
2575 -0.275592 0.211927 -0.0528933 -0.116559
2580 -0.278765 0.259266 0.0254865 0.00598695
2585 -0.221377 0.264512 0.0852907 0.128425
2590 -0.116283 0.218423 0.111334 0.213473
2595 0.0120942 0.122981 0.0984953 0.23357
2600 0.138106 -0.00497048 0.0532585 0.186394
2605 0.240348 -0.139071 -0.0111003 0.0901762
2610 0.304016 -0.250772 -0.078394 -0.0251501
2615 0.324505 -0.317188 -0.132552 -0.125235
2620 0.305612 -0.331561 -0.164897 -0.190846
2625 0.255991 -0.303715 -0.175561 -0.223285
2630 0.189119 -0.251376 -0.165251 -0.227508
2635 0.120372 -0.193518 -0.133655 -0.206801
2640 0.0613235 -0.144803 -0.0838679 -0.167348
2645 0.0163665 -0.113092 -0.0231553 -0.119881
2650 -0.0140618 -0.100621 0.0399785 -0.0747044
2655 -0.0289363 -0.106431 0.10136 -0.0340075
2660 -0.0273393 -0.12722 0.159323 0.0047636
2665 -0.00997578 -0.155356 0.207389 0.0420563
2670 0.0225832 -0.177681 0.237535 0.0824368
2675 0.0674634 -0.183721 0.245846 0.129589
2680 0.11096 -0.171196 0.2303 0.170064
2685 0.130733 -0.140067 0.190595 0.181261
2690 0.111502 -0.0894186 0.129039 0.151122
2695 0.0535023 -0.0204431 0.0498211 0.0828803
2700 -0.0318021 0.0597357 -0.0385101 -0.0105765
2705 -0.126146 0.138082 -0.122916 -0.11098
2710 -0.209281 0.199869 -0.190396 -0.199807
2715 -0.267096 0.236015 -0.231178 -0.26226
2720 -0.295306 0.246859 -0.241254 -0.289701
2725 -0.297137 0.237953 -0.223353 -0.282537
2730 -0.278245 0.210972 -0.186608 -0.253882
2735 -0.243394 0.161567 -0.140779 -0.222606
2740 -0.196787 0.0890691 -0.0903163 -0.198034
2745 -0.144201 0.00511017 -0.0367997 -0.175891
2750 -0.093394 -0.07055 0.0147075 -0.149236
2755 -0.051651 -0.122031 0.0561053 -0.117577
2760 -0.0214805 -0.145424 0.0829437 -0.0839604
2765 0.000619402 -0.145298 0.0969876 -0.047691
2770 0.0205614 -0.125862 0.104973 -0.000327581
2775 0.0407733 -0.0903718 0.113433 0.0638343
2780 0.0575875 -0.0449775 0.123568 0.136178
2785 0.06637 0.00184702 0.133784 0.202001
2790 0.0692426 0.0441376 0.140278 0.253658
2795 0.0734392 0.0809302 0.136833 0.291203
2800 0.0819544 0.111373 0.121408 0.314736
2805 0.0917633 0.131909 0.0969106 0.320583
2810 0.0988784 0.140141 0.0681726 0.307192
2815 0.102039 0.138903 0.0409526 0.281895
2820 0.100365 0.136705 0.0173112 0.254381
2825 0.0909086 0.141911 -0.00210689 0.230713
2830 0.0712342 0.155103 -0.00982239 0.216514
2835 0.0449455 0.169582 0.00401809 0.218546
2840 0.020206 0.17928 0.0394881 0.238974
2845 0.00290241 0.18 0.081425 0.264328
2850 -0.00661759 0.163931 0.108833 0.266147
2855 -0.0102248 0.12118 0.109247 0.220202
2860 -0.01043 0.0507239 0.0817247 0.122019
2865 -0.0105558 -0.0349672 0.0309349 -0.0145882
2870 -0.0127412 -0.115702 -0.0377989 -0.166242
2875 -0.0169638 -0.171006 -0.118877 -0.306846
2880 -0.0213938 -0.187541 -0.199152 -0.408087
2885 -0.0251982 -0.164196 -0.25577 -0.445164
2890 -0.0284049 -0.113294 -0.269664 -0.411363
2895 -0.0282711 -0.0532433 -0.23789 -0.319405
2900 -0.0199057 0.000136969 -0.169747 -0.189516
2905 -0.00149251 0.0326742 -0.0773943 -0.0462126
2910 0.0240377 0.0327003 0.0226132 0.0793512
2915 0.0515779 -0.000798297 0.109734 0.160513
2920 0.0717082 -0.0565403 0.168112 0.183279
2925 0.0721523 -0.117339 0.188779 0.143593
2930 0.0491271 -0.166784 0.168995 0.0513375
2935 0.0145478 -0.192523 0.115925 -0.0620502
2940 -0.0125043 -0.187255 0.0434385 -0.156321
2945 -0.0202436 -0.150499 -0.034772 -0.205515
2950 -0.00590983 -0.0877835 -0.105745 -0.199438
2955 0.0285656 -0.00819089 -0.155958 -0.135583
2960 0.0768033 0.0757428 -0.174542 -0.0219959
2965 0.129599 0.147596 -0.158983 0.118213
2970 0.177123 0.190999 -0.117873 0.250249
2975 0.210144 0.194493 -0.0662072 0.338429
2980 0.222886 0.154701 -0.0174123 0.360175
2985 0.215307 0.080013 0.0216214 0.316942
2990 0.190149 -0.00989009 0.0474648 0.227723
2995 0.148764 -0.093733 0.0570803 0.112112
3000 0.0921842 -0.158505 0.0487282 -0.0175923
3005 0.0284645 -0.19867 0.0229978 -0.147208
3010 -0.0274582 -0.211449 -0.0144126 -0.25332
3015 -0.0630697 -0.19619 -0.0524392 -0.311699
3020 -0.0737001 -0.157714 -0.0819262 -0.31334
3025 -0.0621689 -0.107347 -0.0992494 -0.268766
3030 -0.0361356 -0.0559038 -0.101167 -0.193206
3035 -0.0070156 -0.00971947 -0.0864717 -0.103207
3040 0.0133382 0.0264576 -0.0597409 -0.0199451
3045 0.0165933 0.0489272 -0.0274356 0.0380849
3050 0.000211563 0.0538507 0.00521312 0.0592753
3055 -0.0334717 0.040347 0.0348952 0.0417705
3060 -0.0789472 0.0147675 0.0598219 -0.00435784
3065 -0.128773 -0.0120905 0.0798515 -0.061012
3070 -0.174699 -0.029206 0.0962448 -0.10766
3075 -0.209104 -0.0303815 0.107577 -0.131908
3080 -0.22782 -0.0175348 0.110022 -0.135333
3085 -0.232716 0.00350192 0.104059 -0.125155
3090 -0.229467 0.0258953 0.096394 -0.107178
3095 -0.222885 0.045034 0.0961391 -0.0817122
3100 -0.21214 0.0597353 0.108823 -0.0435821
3105 -0.191904 0.0656429 0.130761 0.0045001
3110 -0.158067 0.0553768 0.151525 0.048834
3115 -0.111638 0.0265277 0.161107 0.0759965
3120 -0.0563809 -0.0154453 0.15339 0.0815634
3125 0.00383562 -0.0603878 0.125931 0.0693788
3130 0.0655043 -0.0978295 0.0799115 0.0475863
3135 0.125611 -0.117342 0.0211164 0.0293851
3140 0.181135 -0.111039 -0.0419866 0.0281089
3145 0.226338 -0.0779129 -0.101729 0.0466955
3150 0.253432 -0.0227393 -0.150526 0.0801674
3155 0.258519 0.0457544 -0.18201 0.122264
3160 0.243019 0.114427 -0.192517 0.164929
3165 0.210693 0.164856 -0.178275 0.197274
3170 0.164882 0.180151 -0.134772 0.21026
3175 0.105663 0.154427 -0.0624812 0.197609
3180 0.0313228 0.0946177 0.0278055 0.153746
3185 -0.0533212 0.0193261 0.118413 0.0844177
3190 -0.133571 -0.0448911 0.192297 0.0138356
3195 -0.194909 -0.0734957 0.23523 -0.033175
3200 -0.22888 -0.0582334 0.237835 -0.0492785
3205 -0.23084 -0.0115093 0.199338 -0.0430108
3210 -0.198589 0.0430275 0.126904 -0.0286569
3215 -0.13587 0.0856608 0.0300982 -0.0201107
3220 -0.0549146 0.108859 -0.0826631 -0.0287183
3225 0.0298223 0.113552 -0.201524 -0.0581497
3230 0.10532 0.100771 -0.311976 -0.105885
3235 0.157836 0.0685566 -0.398657 -0.172264
3240 0.175872 0.0166523 -0.450836 -0.258312
3245 0.157565 -0.047371 -0.460802 -0.350608
3250 0.111063 -0.107585 -0.422193 -0.418715
3255 0.0531311 -0.148992 -0.333703 -0.429563
3260 0.00116137 -0.166681 -0.205328 -0.370848
3265 -0.0376636 -0.162104 -0.0615267 -0.261294
3270 -0.0653024 -0.137176 0.0658042 -0.136675
3275 -0.0826781 -0.0943888 0.153221 -0.0238457
3280 -0.0828754 -0.0378402 0.195106 0.0743906
3285 -0.0580246 0.0261336 0.195926 0.164035
3290 -0.0102523 0.0876978 0.160035 0.237481
3295 0.0471967 0.136132 0.0939169 0.277245
3300 0.094367 0.164825 0.0123298 0.271521
3305 0.113403 0.17094 -0.0651948 0.219148
3310 0.0984057 0.155037 -0.121752 0.131691
3315 0.0567231 0.121962 -0.148532 0.030153
3320 0.001178 0.0790277 -0.147768 -0.0675619
3325 -0.0566729 0.0307538 -0.129454 -0.155373
3330 -0.105491 -0.0224724 -0.101805 -0.229769
3335 -0.132912 -0.0761506 -0.0673402 -0.276403
3340 -0.129938 -0.117528 -0.0291679 -0.276633
3345 -0.0989649 -0.134253 0.00382809 -0.22939
3350 -0.0535083 -0.125929 0.0253084 -0.154129
3355 -0.00636329 -0.104228 0.0411487 -0.0694429
3360 0.0381291 -0.0804417 0.0600915 0.0177788
3365 0.0815677 -0.0569003 0.0814449 0.106112
3370 0.124264 -0.0279748 0.0947073 0.190996
3375 0.163442 0.012437 0.0880885 0.263967
3380 0.194789 0.0599384 0.0590573 0.313785
3385 0.211738 0.101342 0.0174841 0.330565
3390 0.208866 0.128357 -0.0213719 0.315851
3395 0.18651 0.142103 -0.0450217 0.283591
3400 0.148681 0.1447 -0.0509709 0.242411
3405 0.10046 0.134476 -0.0440739 0.190862
3410 0.0529599 0.107868 -0.0241241 0.136704
3415 0.0221105 0.0661181 0.0168711 0.1051
3420 0.0212774 0.0183716 0.0834299 0.123079
3425 0.0547377 -0.0231517 0.166827 0.198413
3430 0.111879 -0.0501139 0.248166 0.309932
3435 0.16679 -0.0628448 0.308838 0.412783
3440 0.188189 -0.0672752 0.339981 0.460895
3445 0.155466 -0.0672002 0.342332 0.430598
3450 0.0681676 -0.0616325 0.320121 0.326656
3455 -0.0577847 -0.0472199 0.276926 0.171921
3460 -0.196965 -0.0242238 0.213878 -0.0073107
3465 -0.321117 0.00108811 0.132248 -0.18778
3470 -0.405641 0.0199137 0.0399987 -0.345728
3475 -0.437187 0.0254298 -0.0464529 -0.45821
3480 -0.414983 0.0153252 -0.111816 -0.511473
3485 -0.347952 -0.00529849 -0.152075 -0.505326
3490 -0.251437 -0.0235342 -0.168984 -0.443956
3495 -0.14132 -0.0257726 -0.162006 -0.329098
3500 -0.0323964 -0.00722015 -0.132477 -0.172093
3505 0.0580039 0.0242706 -0.0889127 -0.00663824
3510 0.11347 0.0532753 -0.044734 0.122011
3515 0.127102 0.0679479 -0.0111541 0.183896
3520 0.105449 0.0643384 0.00735459 0.177142
3525 0.0661627 0.0434839 0.0130777 0.122724
3530 0.0294954 0.00942941 0.0104394 0.0493643
3535 0.00703149 -0.0296592 0.00215621 -0.0204715
3540 0.0013675 -0.0624221 -0.0104112 -0.0714658
3545 0.012847 -0.0764692 -0.0275781 -0.0912003
3550 0.0400441 -0.0617404 -0.0523882 -0.0740844
3555 0.0744339 -0.0185918 -0.0845262 -0.0286841
3560 0.101028 0.0406854 -0.114582 0.0271311
3565 0.107377 0.10046 -0.130384 0.0774523
3570 0.0929185 0.150059 -0.12398 0.118997
3575 0.0675177 0.186037 -0.0920206 0.161534
3580 0.0417715 0.207335 -0.0386199 0.210486
3585 0.0190718 0.213861 0.0220711 0.255004
3590 -0.00690769 0.206185 0.0719424 0.271219
3595 -0.043492 0.181432 0.0976862 0.235626
3600 -0.0897806 0.136154 0.0968446 0.143218
3605 -0.139195 0.0715533 0.0771551 0.00951295
3610 -0.186889 -0.00581342 0.0497924 -0.14291
3615 -0.231738 -0.0871087 0.021833 -0.297014
3620 -0.272889 -0.162882 -0.00649332 -0.442264
3625 -0.303785 -0.224416 -0.0376603 -0.565862
3630 -0.312733 -0.266207 -0.0710223 -0.649962
3635 -0.290051 -0.284995 -0.102474 -0.67752
3640 -0.232236 -0.276108 -0.1295 -0.637844
3645 -0.147278 -0.236124 -0.15249 -0.535893
3650 -0.0562849 -0.169175 -0.171314 -0.396774
3655 0.0199592 -0.0874906 -0.183723 -0.251254
3660 0.0719912 -0.00660162 -0.186345 -0.120955
3665 0.0984678 0.0627865 -0.175868 -0.0146137
3670 0.101717 0.120053 -0.15022 0.0715498
3675 0.0884199 0.170442 -0.109729 0.149133
3680 0.0688783 0.213782 -0.0562978 0.226363
3685 0.050289 0.240625 0.00520241 0.296116
3690 0.0334545 0.240306 0.0639085 0.337669
3695 0.0192095 0.210107 0.106733 0.336049
3700 0.0113343 0.156234 0.127521 0.29509
3705 0.0116231 0.0893437 0.131127 0.232094
3710 0.017962 0.0177045 0.128918 0.164585
3715 0.0300882 -0.0530959 0.128393 0.105385
3720 0.0516574 -0.115355 0.12905 0.0653525
3725 0.0839565 -0.159659 0.127406 0.0517035
3730 0.121732 -0.177721 0.121869 0.0658796
3735 0.154503 -0.166439 0.112825 0.100889
3740 0.169865 -0.130209 0.100579 0.140235
3745 0.160698 -0.0796605 0.0834248 0.164462
3750 0.128553 -0.0262698 0.0586184 0.160902
3755 0.080734 0.021697 0.0257731 0.128204
3760 0.0255257 0.0615261 -0.0124273 0.0746245
3765 -0.028176 0.0955188 -0.0500448 0.017298
3770 -0.0704731 0.127785 -0.0783487 -0.0210367
3775 -0.0919557 0.159733 -0.0917316 -0.0239539
3780 -0.0862315 0.189289 -0.0918079 0.0112491
3785 -0.0532297 0.212828 -0.0843111 0.075287
3790 -0.000506165 0.224857 -0.0725252 0.151825
3795 0.0584137 0.217034 -0.0569274 0.21852
3800 0.10926 0.180571 -0.0419449 0.247886
3805 0.146005 0.111707 -0.0354102 0.222302
3810 0.173371 0.0137471 -0.0413004 0.145818
3815 0.196392 -0.102625 -0.0566387 0.0371279
3820 0.20856 -0.220416 -0.0723487 -0.0842044
3825 0.194825 -0.322038 -0.0805556 -0.207769
3830 0.148681 -0.395848 -0.0825538 -0.329721
3835 0.0820379 -0.434307 -0.0852381 -0.437507
3840 0.0185088 -0.430275 -0.0925857 -0.504352
3845 -0.0205006 -0.383447 -0.102729 -0.506677
3850 -0.0283526 -0.30627 -0.112438 -0.447061
3855 -0.0125912 -0.217922 -0.118255 -0.348768
3860 0.0143084 -0.133547 -0.112237 -0.231475
3865 0.0418556 -0.0594019 -0.0801955 -0.0977418
3870 0.0635397 0.00392584 -0.0108349 0.0566306
3875 0.0758537 0.055887 0.0874067 0.219147
3880 0.0783608 0.0930072 0.184711 0.356079
3885 0.070573 0.110355 0.246242 0.42717
3890 0.051225 0.105859 0.250457 0.407541
3895 0.0249038 0.0835812 0.198256 0.306741
3900 0.00130122 0.0532703 0.105613 0.160184
3905 -0.012577 0.0232067 -0.0109866 -0.000356851
3910 -0.0152072 -0.00535944 -0.137352 -0.157919
3915 -0.00764879 -0.0337213 -0.254615 -0.295985
3920 0.00679979 -0.0579542 -0.340831 -0.391985
3925 0.0230259 -0.0706344 -0.379628 -0.427237
3930 0.0345468 -0.0709338 -0.370229 -0.406616
3935 0.0335693 -0.0642865 -0.32627 -0.356987
3940 0.0155007 -0.0548851 -0.262309 -0.301694
3945 -0.0196435 -0.0447689 -0.186298 -0.25071
3950 -0.0694056 -0.0363274 -0.102716 -0.208449
3955 -0.128553 -0.0308461 -0.018278 -0.177677
3960 -0.186175 -0.0253036 0.055718 -0.15576
3965 -0.22623 -0.013836 0.109796 -0.13027
3970 -0.237553 0.00502912 0.145587 -0.0869375
3975 -0.220896 0.0251613 0.172365 -0.0233702
3980 -0.182823 0.0386624 0.19697 0.0528086
3985 -0.131455 0.0440556 0.217765 0.130366
3990 -0.0783203 0.0510046 0.227007 0.199692
3995 -0.0351901 0.0721633 0.219171 0.256144
4000 -0.00760601 0.10923 0.193148 0.294772
4005 0.00383706 0.150823 0.150801 0.305462
4010 -0.00208939 0.184911 0.100042 0.282864
4015 -0.0246589 0.209143 0.0524347 0.236919
4020 -0.0560692 0.226892 0.0148724 0.185696
4025 -0.0849555 0.238612 -0.0114108 0.142245
4030 -0.103882 0.239629 -0.0279073 0.10784
4035 -0.112865 0.224479 -0.0369807 0.0746329
4040 -0.116011 0.191456 -0.0404452 0.035
4045 -0.11618 0.14635 -0.0387204 -0.00855028
4050 -0.113034 0.102537 -0.0301327 -0.0406304
4055 -0.103113 0.0700644 -0.0114961 -0.0445448
4060 -0.0817989 0.0443917 0.0176311 -0.0197761
4065 -0.044588 0.011909 0.0530032 0.0203242
4070 0.009821 -0.0344865 0.090432 0.0657665
4075 0.0746177 -0.0900052 0.129824 0.114436
4080 0.134001 -0.144812 0.170715 0.159904
4085 0.169607 -0.191614 0.206462 0.184455
4090 0.17239 -0.227145 0.226431 0.171676
4095 0.148066 -0.247455 0.223071 0.123682
4100 0.112373 -0.246361 0.195593 0.0616052
4105 0.0800825 -0.220832 0.154148 0.0133985
4110 0.0571435 -0.175262 0.115715 -0.00240421
4115 0.0427465 -0.118954 0.0903333 0.0141256
4120 0.0361171 -0.0627613 0.0764227 0.0497784
4125 0.0382868 -0.0136817 0.0679628 0.0925678
4130 0.0483417 0.027085 0.0630542 0.138481
4135 0.0609388 0.0579266 0.0678216 0.186687
4140 0.0690629 0.0757407 0.088 0.232804
4145 0.0694825 0.0796777 0.117326 0.266486
4150 0.0636429 0.0703389 0.140664 0.274646
4155 0.0535104 0.0496147 0.145381 0.248506
4160 0.039643 0.0224422 0.128508 0.190593
4165 0.0218936 -0.00249446 0.0961528 0.115552
4170 -0.00220431 -0.0155998 0.0557175 0.0379134
4175 -0.036495 -0.0129403 0.0104745 -0.0389608
4180 -0.0798282 0.00231043 -0.0370513 -0.114569
4185 -0.123963 0.0242538 -0.0814426 -0.181152
4190 -0.15765 0.047798 -0.116451 -0.226303
4195 -0.171378 0.0697133 -0.137982 -0.239646
4200 -0.161321 0.0903293 -0.146226 -0.217218
4205 -0.128321 0.109639 -0.145711 -0.164393
4210 -0.0731435 0.121756 -0.143771 -0.0951584
4215 0.00302627 0.117283 -0.146068 -0.0257583
4220 0.0933858 0.0922214 -0.151278 0.034329
4225 0.182474 0.0508929 -0.150852 0.0825149
4230 0.251173 0.00153281 -0.137577 0.115128
4235 0.287121 -0.0503989 -0.111674 0.125048
4240 0.28684 -0.103673 -0.0755385 0.107628
4245 0.252685 -0.154594 -0.0270806 0.0710103
4250 0.194744 -0.193454 0.0352771 0.0365674
4255 0.129716 -0.209168 0.101695 0.0222428
4260 0.0727152 -0.197427 0.152154 0.0274417
4265 0.0311503 -0.16316 0.171738 0.0397277
4270 0.00531569 -0.115164 0.162593 0.0527448
4275 -0.00765788 -0.0607431 0.140035 0.0716335
4280 -0.0113932 -0.00523444 0.118784 0.102157
4285 -0.0120361 0.044551 0.102446 0.134961
4290 -0.0203297 0.0800184 0.0850452 0.144734
4295 -0.0486668 0.0960106 0.0619264 0.10927
4300 -0.100466 0.0944116 0.0373052 0.0312508
4305 -0.165149 0.0811764 0.0186334 -0.0653393
4310 -0.227105 0.0607823 0.00814579 -0.158176
4315 -0.2753 0.0345032 0.00457911 -0.236218
4320 -0.305068 0.00593714 0.00696506 -0.292165
4325 -0.314882 -0.0199732 0.0124968 -0.322358
4330 -0.300297 -0.0430053 0.0132549 -0.330047
4335 -0.256516 -0.0653391 -0.00187619 -0.323731
4340 -0.184676 -0.0822172 -0.0375036 -0.304397
4345 -0.092737 -0.0806432 -0.0832529 -0.256633
4350 0.00606235 -0.0514071 -0.122224 -0.167569
4355 0.09861 0.00104315 -0.14678 -0.0471266
4360 0.175777 0.0597108 -0.160745 0.0747429
4365 0.231687 0.106248 -0.168744 0.169191
4370 0.262698 0.131381 -0.168784 0.225294
4375 0.266271 0.136185 -0.155598 0.246859
4380 0.238165 0.12641 -0.128156 0.236418
4385 0.175302 0.104979 -0.0936383 0.186643
4390 0.0843193 0.072043 -0.0621654 0.094197
4395 -0.0169281 0.0340133 -0.0379608 -0.0208755
4400 -0.107734 0.00297031 -0.0164853 -0.121249
4405 -0.172646 -0.012618 0.00908432 -0.17618
4410 -0.204887 -0.0132963 0.0412578 -0.176926
4415 -0.205056 -0.0029779 0.0760944 -0.131939
4420 -0.178603 0.0196649 0.105911 -0.0530268
4425 -0.132339 0.0564881 0.122418 0.0465672
4430 -0.0716666 0.0994812 0.118342 0.146157
4435 -0.00282051 0.132222 0.0942914 0.223693
4440 0.0648298 0.142939 0.0605791 0.268348
4445 0.119382 0.134577 0.0263385 0.280298
4450 0.150617 0.119329 -0.00606223 0.263884
4455 0.155924 0.105277 -0.0376243 0.223577
4460 0.140765 0.0900889 -0.0677996 0.163055
4465 0.114165 0.0655414 -0.0941963 0.0855096
4470 0.0824799 0.0258655 -0.115643 -0.00729809
4475 0.0480603 -0.0280993 -0.132462 -0.112501
4480 0.0129704 -0.0900304 -0.143631 -0.220691
4485 -0.0171533 -0.151115 -0.144456 -0.312724
4490 -0.0357719 -0.203023 -0.12868 -0.367476
4495 -0.0397473 -0.237979 -0.094945 -0.372672
4500 -0.0281514 -0.245678 -0.0506832 -0.324513
4505 -0.00321171 -0.215971 -0.00754115 -0.226724
4510 0.0254151 -0.147879 0.0282064 -0.0942573
4515 0.041781 -0.0556447 0.0602878 0.0464241
4520 0.031262 0.0365257 0.0940617 0.161849
4525 -0.0110161 0.105662 0.127166 0.221812
4530 -0.0799959 0.140649 0.152851 0.213505
4535 -0.166585 0.14447 0.164006 0.141891
4540 -0.26011 0.126333 0.156601 0.022824
4545 -0.344385 0.0920223 0.134622 -0.11774
4550 -0.396139 0.043321 0.107029 -0.245789
4555 -0.393386 -0.0148348 0.0798536 -0.328367
4560 -0.328288 -0.0720749 0.054507 -0.345856
4565 -0.210756 -0.116953 0.0328854 -0.294823
4570 -0.0630922 -0.141146 0.0208805 -0.183358
4575 0.0868118 -0.141029 0.0239341 -0.0302832
4580 0.212209 -0.120591 0.0419347 0.133553
4585 0.293204 -0.0906455 0.0705359 0.273094
4590 0.317442 -0.0610815 0.103584 0.359945
4595 0.277647 -0.0318731 0.13063 0.376404
4600 0.176371 0.00420533 0.142041 0.322617
4605 0.035589 0.04567 0.134543 0.215802
4610 -0.103952 0.0788376 0.10883 0.0837164
4615 -0.202883 0.0898923 0.0669134 -0.0460773
4620 -0.247238 0.0757572 0.0129691 -0.158512
4625 -0.248151 0.0444791 -0.0460816 -0.249754
4630 -0.219859 0.0080656 -0.101037 -0.31283
4635 -0.16614 -0.0207446 -0.144852 -0.331736
4640 -0.0877065 -0.0302487 -0.175033 -0.292988
4645 0.00571591 -0.0159494 -0.192258 -0.202491
4650 0.0944517 0.0175312 -0.198248 -0.0862652
4655 0.156589 0.0604255 -0.192049 0.0249657
4660 0.180863 0.102488 -0.170162 0.113189
4665 0.173536 0.138769 -0.132762 0.179543
4670 0.148701 0.171358 -0.0862256 0.233833
4675 0.115472 0.203063 -0.0392255 0.27931
4680 0.0755267 0.230021 -9.32794e-05 0.305454
4685 0.0296103 0.24143 0.0245738 0.295614
4690 -0.0141644 0.227572 0.0337316 0.247139
4695 -0.040816 0.186528 0.0316455 0.177358
4700 -0.0415396 0.122193 0.0205475 0.101201
4705 -0.0217572 0.040619 -0.00216335 0.0166984
4710 0.00593201 -0.049076 -0.0366241 -0.0797681
4715 0.0316236 -0.13253 -0.0750457 -0.175952
4720 0.0521224 -0.191292 -0.107133 -0.246302
4725 0.0695445 -0.210578 -0.127661 -0.268695
4730 0.08698 -0.18795 -0.136146 -0.237116
4735 0.104671 -0.134226 -0.133406 -0.162961
4740 0.12125 -0.0673052 -0.120143 -0.0661991
4745 0.137104 -0.00527589 -0.0960765 0.0357518
4750 0.154173 0.0367755 -0.0609244 0.130024
4755 0.172217 0.0494367 -0.0159082 0.205745
4760 0.184782 0.0341951 0.0348267 0.253803
4765 0.182641 0.000371972 0.0802176 0.263231
4770 0.162163 -0.0431068 0.105176 0.224232
4775 0.125298 -0.0881355 0.0988859 0.136049
4780 0.0730954 -0.124393 0.0614156 0.0101177
4785 0.00434964 -0.141481 0.00755125 -0.12958
4790 -0.0788706 -0.132333 -0.0389219 -0.250125
4795 -0.166848 -0.097488 -0.058955 -0.323291
4800 -0.244729 -0.0460335 -0.0472805 -0.338043
4805 -0.298631 0.00738294 -0.00900603 -0.300254
4810 -0.319528 0.0483291 0.0470946 -0.224104
4815 -0.305696 0.0683846 0.109254 -0.128057
4820 -0.263727 0.06772 0.161861 -0.0341462
4825 -0.208252 0.0514123 0.18712 0.0302804
4830 -0.153876 0.0250758 0.16955 0.0407498
4835 -0.106277 -0.00666166 0.103228 -0.0097113
4840 -0.0618399 -0.0417481 -0.00135058 -0.104939
4845 -0.0143477 -0.0795469 -0.12127 -0.215164
4850 0.0359122 -0.113336 -0.232228 -0.309652
4855 0.0789045 -0.129054 -0.31393 -0.364079
4860 0.102314 -0.116051 -0.354239 -0.367977
4865 0.102553 -0.0759375 -0.350905 -0.324289
4870 0.0876787 -0.0178526 -0.308366 -0.23854
4875 0.0703028 0.0468764 -0.237847 -0.120668
4880 0.0592432 0.105284 -0.156512 0.00801492
4885 0.0540551 0.146865 -0.0791586 0.121762
4890 0.0464924 0.170608 -0.0136526 0.203448
4895 0.0279846 0.180848 0.0348151 0.243648
4900 -0.00170872 0.17936 0.058755 0.236406
4905 -0.0358116 0.165793 0.0508387 0.180821
4910 -0.070751 0.1427 0.0153629 0.0873121
4915 -0.107385 0.117578 -0.0275597 -0.0173665
4920 -0.143786 0.0969022 -0.0530324 -0.0999165
4925 -0.172736 0.081956 -0.0454622 -0.136242
4930 -0.185395 0.0694138 -0.00619143 -0.122173
4935 -0.176331 0.0554616 0.0518132 -0.0690562
4940 -0.146037 0.0396961 0.115353 0.00901236
4945 -0.100051 0.0259108 0.178147 0.104007
4950 -0.0468737 0.01781 0.237443 0.208379
4955 0.00439667 0.0154886 0.287693 0.307578
4960 0.0482076 0.015177 0.319711 0.383096
4965 0.0873489 0.0132902 0.323889 0.424528
4970 0.129692 0.00999009 0.296044 0.435726
4975 0.179518 0.00667732 0.24152 0.427716
4980 0.232902 0.00302837 0.171344 0.407274
4985 0.280117 -0.000940156 0.093072 0.372249
4990 0.3104 -0.00457332 0.0083529 0.314179
4995 0.315148 -0.00912775 -0.0791042 0.226916
5000 0.291031 -0.0165795 -0.158284 0.116167
5005 0.239096 -0.0270525 -0.214917 -0.00287416
5010 0.163521 -0.0375351 -0.240821 -0.114835
5015 0.074176 -0.0472059 -0.239758 -0.212787
5020 -0.0124009 -0.0614422 -0.221614 -0.295457
5025 -0.0799812 -0.0854857 -0.191769 -0.357235
5030 -0.12053 -0.118231 -0.148474 -0.387234
5035 -0.136253 -0.152521 -0.0927679 -0.381541
5040 -0.132454 -0.180153 -0.035514 -0.348122
5045 -0.111743 -0.194402 0.01104 -0.295105
5050 -0.0760054 -0.191425 0.0412197 -0.226211
5055 -0.0304602 -0.171566 0.0575396 -0.144486
5060 0.0177171 -0.138345 0.066733 -0.0538948
5065 0.0651116 -0.0976692 0.0713849 0.0388273
5070 0.110472 -0.0559799 0.0691998 0.123692
5075 0.1465 -0.0172083 0.0572568 0.186548
5080 0.161706 0.0171274 0.0344093 0.213243
5085 0.151542 0.0439784 0.00457725 0.200098
5090 0.123777 0.0569278 -0.0227324 0.157973
5095 0.0892892 0.0515158 -0.0363081 0.104497
5100 0.0525416 0.0324232 -0.0287695 0.0561953
5105 0.0138851 0.0137473 -0.00252582 0.0251066
5110 -0.0233862 0.0100532 0.0334737 0.0201407
5115 -0.0546693 0.0254419 0.0742157 0.0449883
5120 -0.0764528 0.0530517 0.118773 0.0953716
5125 -0.0842973 0.0837797 0.162881 0.162364
5130 -0.0754822 0.111051 0.195573 0.231141
5135 -0.0535261 0.12933 0.203797 0.279602
5140 -0.0255763 0.131965 0.182438 0.288827
5145 0.0034101 0.115435 0.136691 0.255537
5150 0.0314369 0.0861019 0.0766088 0.194148
5155 0.0542057 0.0563095 0.0152093 0.125724
5160 0.0644849 0.0328797 -0.0320889 0.0652756
5165 0.0587584 0.0147566 -0.0531389 0.0203761
5170 0.04106 0.00133898 -0.0461507 -0.00375164
5175 0.0187971 -0.00251052 -0.0198894 -0.00360282
5180 0.000435222 0.0112188 0.0120202 0.0236742
5185 -0.00431127 0.0462919 0.0367192 0.0786999
5190 0.0119632 0.0935972 0.0455121 0.151073
5195 0.0473177 0.13332 0.0359309 0.216569
5200 0.0888807 0.148265 0.0119795 0.249125
5205 0.124161 0.133638 -0.0194204 0.238379
5210 0.148827 0.0946241 -0.0517521 0.191699
5215 0.163844 0.0387655 -0.080395 0.122214
5220 0.167512 -0.0278307 -0.102373 0.0373086
5225 0.154066 -0.0983554 -0.114669 -0.058958
5230 0.119709 -0.162964 -0.115003 -0.158258
5235 0.0680822 -0.210013 -0.104928 -0.246859
5240 0.00992249 -0.229787 -0.0902583 -0.310123
5245 -0.0435311 -0.217537 -0.0774393 -0.338507
5250 -0.0864364 -0.175824 -0.0709875 -0.333248
5255 -0.118953 -0.115862 -0.0712883 -0.306104
5260 -0.143536 -0.0540623 -0.0742207 -0.271819
5265 -0.161002 -0.0065117 -0.0741728 -0.241686
5270 -0.168238 0.0150786 -0.0682323 -0.221392
5275 -0.159055 0.00729701 -0.0592656 -0.211023
5280 -0.130394 -0.0225413 -0.0507838 -0.203719
5285 -0.0862858 -0.0586715 -0.0394309 -0.184388
5290 -0.0336169 -0.0876756 -0.0195713 -0.140864
5295 0.0208932 -0.106017 0.00942869 -0.0756954
5300 0.0687624 -0.113554 0.0404545 -0.00433723
5305 0.0993694 -0.108062 0.0632195 0.0545268
5310 0.10418 -0.0887539 0.0737759 0.0892024
5315 0.0808325 -0.0596098 0.0749885 0.0962112
5320 0.0345755 -0.0265146 0.0668769 0.0749378
5325 -0.0248385 0.00742294 0.0447808 0.0273653
5330 -0.0871075 0.0417324 0.00788154 -0.0374936
5335 -0.14478 0.0721765 -0.0357677 -0.108371
5340 -0.193477 0.0883069 -0.0712847 -0.176455
5345 -0.229602 0.0809274 -0.0871226 -0.235797
5350 -0.252035 0.0503342 -0.0835702 -0.285271
5355 -0.262594 0.00534177 -0.0696432 -0.326895
5360 -0.262612 -0.0419298 -0.0544961 -0.359038
5365 -0.250152 -0.078611 -0.0439401 -0.372703
5370 -0.221436 -0.0943706 -0.0398901 -0.355696
5375 -0.175639 -0.0847157 -0.0402059 -0.300561
5380 -0.11896 -0.0529227 -0.0415497 -0.213432
5385 -0.0653914 -0.010218 -0.0432186 -0.118828
5390 -0.0295629 0.0279726 -0.0467867 -0.0483771
5395 -0.0164636 0.051992 -0.0538634 -0.0183349
5400 -0.0169211 0.0600788 -0.063761 -0.0206033
5405 -0.0164013 0.0508746 -0.0700459 -0.0355726
5410 -0.00710809 0.022349 -0.063975 -0.0487341
5415 0.00970856 -0.0233668 -0.0423651 -0.0560234
5420 0.0276477 -0.0777353 -0.0102935 -0.0603811
5425 0.0391917 -0.12718 0.0250093 -0.0629789
5430 0.0427911 -0.156758 0.062871 -0.0510957
5435 0.0437994 -0.157943 0.106728 -0.00741611
5440 0.0449787 -0.132166 0.155257 0.0680699
5445 0.0426089 -0.0880127 0.201207 0.155803
5450 0.0318545 -0.0367222 0.235361 0.230494
5455 0.0148001 0.0116444 0.250365 0.276809
5460 0.0039119 0.0510762 0.243904 0.298892
5465 0.0131594 0.0788412 0.217148 0.309149
5470 0.0472044 0.0938094 0.169801 0.310815
5475 0.0995215 0.0978506 0.103112 0.300484
5480 0.158017 0.0950913 0.027458 0.280567
5485 0.212347 0.0889417 -0.0398259 0.261463
5490 0.25676 0.0786278 -0.0861256 0.249262
5495 0.287941 0.0590965 -0.109968 0.237069
5500 0.301056 0.0267152 -0.118145 0.209627
5505 0.288163 -0.0140145 -0.115229 0.15892
5510 0.243756 -0.0494882 -0.100603 0.0936651
5515 0.17001 -0.0622538 -0.0744698 0.0332868
5520 0.0765864 -0.0418236 -0.0433795 -0.00861674
5525 -0.0224848 0.00719586 -0.0207523 -0.0360413
5530 -0.113331 0.0672703 -0.0182312 -0.0642923
5535 -0.187425 0.118918 -0.0369141 -0.105421
5540 -0.241676 0.150974 -0.0657989 -0.156501
5545 -0.272447 0.16101 -0.0868759 -0.198313
5550 -0.273656 0.150369 -0.0865881 -0.209875
5555 -0.243807 0.121429 -0.0648696 -0.187248
5560 -0.190772 0.0771024 -0.032352 -0.146022
5565 -0.128401 0.0231276 0.000986369 -0.104287
5570 -0.0693708 -0.0284939 0.0325253 -0.0653394
5575 -0.0193519 -0.0641072 0.0619644 -0.0214947
5580 0.0250728 -0.0768315 0.0810882 0.0293294
5585 0.0705021 -0.0679805 0.0750476 0.0775692
5590 0.117393 -0.0423813 0.0353937 0.110406
5595 0.157471 -0.00273862 -0.0308214 0.123911
5600 0.178757 0.0479479 -0.104368 0.122337
5605 0.172104 0.101233 -0.168178 0.105159
5610 0.136808 0.145191 -0.217327 0.0646726
5615 0.0831521 0.172099 -0.251987 0.00326338
5620 0.023906 0.178901 -0.267554 -0.0647463
5625 -0.0341225 0.16177 -0.257137 -0.129489
5630 -0.085886 0.117202 -0.218832 -0.187515
5635 -0.123593 0.0473447 -0.157344 -0.233592
5640 -0.13904 -0.0390623 -0.0804155 -0.258518
5645 -0.129415 -0.128167 0.00511397 -0.252468
5650 -0.100229 -0.204681 0.0932123 -0.211698
5655 -0.0610383 -0.256876 0.17671 -0.141204
5660 -0.0218043 -0.278983 0.248203 -0.0525841
5665 0.00654022 -0.27089 0.302052 0.0377021
5670 0.0151869 -0.236113 0.334175 0.113249
5675 0.00407498 -0.182686 0.342474 0.163864
5680 -0.0189404 -0.123849 0.328997 0.186208
5685 -0.0442829 -0.0705318 0.300576 0.185761
5690 -0.064101 -0.0251916 0.264772 0.175479
5695 -0.0723507 0.0158925 0.227326 0.170867
5700 -0.0635784 0.0536374 0.191367 0.181426
5705 -0.0334214 0.0814298 0.155153 0.203161
5710 0.0156037 0.0920118 0.112299 0.219915
5715 0.0735378 0.0845896 0.0564792 0.214607
5720 0.128354 0.06463 -0.0145064 0.178477
5725 0.1716 0.0394041 -0.0942692 0.116735
5730 0.202021 0.0160137 -0.167328 0.0507073
5735 0.223845 0.00107459 -0.21558 0.0093394
5740 0.241034 -0.0029622 -0.226924 0.0111481
5745 0.251446 0.00225839 -0.201653 0.0520511
5750 0.24704 0.0165409 -0.150285 0.113296
5755 0.221308 0.0413197 -0.084656 0.177972
5760 0.174621 0.0744487 -0.0134309 0.235639
5765 0.109968 0.106863 0.0560078 0.272839
5770 0.0281878 0.125606 0.115787 0.269581
5775 -0.0650849 0.11903 0.15801 0.211955
5780 -0.153014 0.0809198 0.177746 0.105652
5785 -0.217406 0.0140543 0.174382 -0.0289703
5790 -0.251888 -0.0712566 0.150294 -0.172851
5795 -0.261754 -0.161111 0.10939 -0.313476
5800 -0.255886 -0.240083 0.0584123 -0.437557
5805 -0.239421 -0.296302 0.00726065 -0.528463
5810 -0.213034 -0.326112 -0.0355555 -0.574701
5815 -0.176182 -0.330532 -0.0671091 -0.573823
5820 -0.128398 -0.31154 -0.089678 -0.529616
5825 -0.0727459 -0.272023 -0.106257 -0.451027
5830 -0.0183169 -0.215738 -0.11638 -0.350435
5835 0.0238685 -0.149782 -0.119097 -0.245011
5840 0.0477076 -0.0864378 -0.115103 -0.153833
5845 0.0565202 -0.0375354 -0.103921 -0.0849358
5850 0.0599049 -0.00453351 -0.0822779 -0.0269065
5855 0.0641473 0.0217479 -0.0488585 0.0370367
5860 0.0693788 0.0500037 -0.00888034 0.110502
5865 0.0740332 0.0816437 0.0298386 0.185516
5870 0.0777526 0.114789 0.0609176 0.25346
5875 0.0818066 0.149643 0.0786926 0.310142
5880 0.0884219 0.18625 0.0787435 0.353415
5885 0.0986369 0.22088 0.0607582 0.380275
5890 0.108825 0.245819 0.0292863 0.38393
5895 0.110939 0.250014 -0.00813036 0.352823
5900 0.0996955 0.224936 -0.0419727 0.282659
5905 0.077801 0.171661 -0.0601786 0.189283
5910 0.0536005 0.102148 -0.054769 0.100979
5915 0.0347996 0.0330601 -0.0295556 0.0383041
5920 0.0234835 -0.0219812 0.00329755 0.00479984
5925 0.0156216 -0.0536888 0.0333465 -0.0047207
5930 0.00591224 -0.0553713 0.0574199 0.00796084
5935 -0.00535069 -0.0276761 0.0768407 0.0438139
5940 -0.0114958 0.0181 0.0907803 0.0973845
5945 -0.00795078 0.0670523 0.0939433 0.153045
5950 -0.000541492 0.107911 0.0788331 0.186202
5955 -0.00257412 0.135194 0.0393486 0.171968
5960 -0.0229363 0.147789 -0.0247188 0.100134
5965 -0.0609955 0.147334 -0.102557 -0.0162189
5970 -0.11087 0.136771 -0.173994 -0.148093
5975 -0.16457 0.119467 -0.223743 -0.268847
5980 -0.215092 0.0985037 -0.249342 -0.36593
5985 -0.257364 0.0749765 -0.253647 -0.436035
5990 -0.285454 0.0463673 -0.23655 -0.475637
5995 -0.290727 0.0141489 -0.195188 -0.471766
6000 -0.264911 -0.0120855 -0.129416 -0.406413
6005 -0.20694 -0.0223537 -0.0451989 -0.274493
6010 -0.124587 -0.0154662 0.0454876 -0.0945652
6015 -0.0300978 -0.00139681 0.129767 0.0982723
6020 0.0627003 0.00555853 0.197521 0.26578
6025 0.140307 -0.00342874 0.241635 0.378513
6030 0.192843 -0.0279842 0.256324 0.421183
6035 0.216224 -0.0613761 0.239382 0.394229
6040 0.212443 -0.0975961 0.199191 0.314038
6045 0.186217 -0.132853 0.152664 0.206028
6050 0.142994 -0.161022 0.112666 0.0946374
6055 0.0932007 -0.173141 0.0812218 0.00128162
6060 0.0520361 -0.162136 0.0550453 -0.0550541
6065 0.0284941 -0.12891 0.0310813 -0.0693346
6070 0.0183445 -0.0841506 0.00662477 -0.0591813
6075 0.0101756 -0.0401051 -0.0225109 -0.0524404
6080 -0.00565114 -0.00245337 -0.059656 -0.0677605
6085 -0.0345104 0.0279498 -0.102015 -0.108575
6090 -0.0750067 0.0522446 -0.139757 -0.162519
6095 -0.116928 0.0726265 -0.164004 -0.208306
6100 -0.146893 0.0879422 -0.175233 -0.234184
6105 -0.156626 0.0938874 -0.180088 -0.242827
6110 -0.143677 0.0893631 -0.182904 -0.237218
6115 -0.107835 0.0807193 -0.182579 -0.209696
6120 -0.0519781 0.0760749 -0.176111 -0.152014
6125 0.017388 0.0776827 -0.162881 -0.0678104
6130 0.090865 0.0801737 -0.143533 0.027506
6135 0.15724 0.0762 -0.117357 0.116083
6140 0.20655 0.0650598 -0.0850298 0.18658
6145 0.233842 0.054656 -0.0481275 0.240371
6150 0.240751 0.0535148 -0.00482184 0.289444
6155 0.231439 0.0618996 0.0476943 0.341033
6160 0.211974 0.0717091 0.106307 0.38999
6165 0.189959 0.0737232 0.158066 0.421748
6170 0.172024 0.064399 0.186947 0.42337
6175 0.163837 0.0480378 0.186378 0.398253
6180 0.165062 0.0303852 0.163616 0.359063
6185 0.166485 0.012818 0.130294 0.309597
6190 0.156445 -0.00304537 0.0947198 0.24812
6195 0.128854 -0.0108345 0.0620892 0.180109
6200 0.0858411 -0.00191247 0.0367927 0.120721
6205 0.037214 0.0264384 0.0243089 0.0879613
6210 -0.00160659 0.0652384 0.0288388 0.0924706
6215 -0.014492 0.0992676 0.0455884 0.130364
6220 0.00659349 0.118343 0.0594825 0.184419
6225 0.0533634 0.123726 0.0560162 0.233106
6230 0.104285 0.124212 0.02994 0.258437
6235 0.13692 0.125833 -0.0161052 0.246647
6240 0.137635 0.125197 -0.0767837 0.186049
6245 0.101285 0.113085 -0.146269 0.0681013
6250 0.0275591 0.0807846 -0.213628 -0.105284
6255 -0.0781962 0.0232036 -0.260784 -0.315776
6260 -0.201919 -0.0571663 -0.272981 -0.532067
6265 -0.319842 -0.147112 -0.248264 -0.715219
6270 -0.402596 -0.228354 -0.193532 -0.824482
6275 -0.426853 -0.287237 -0.117554 -0.831645
6280 -0.385471 -0.317976 -0.0279073 -0.731355
6285 -0.29026 -0.319462 0.0657339 -0.543988
6290 -0.165735 -0.291548 0.147356 -0.309927
6295 -0.036931 -0.237497 0.199342 -0.0750859
6300 0.0758581 -0.166508 0.212436 0.121786
6305 0.157 -0.0905634 0.189486 0.255923
6310 0.195233 -0.0193618 0.139968 0.31584
6315 0.185429 0.0418998 0.0761239 0.303452
6320 0.132023 0.0907349 0.0141529 0.236911
6325 0.0510332 0.12408 -0.0283154 0.146798
6330 -0.0334153 0.139786 -0.0398364 0.0665342
6335 -0.0993441 0.142731 -0.018839 0.0245479
6340 -0.132131 0.143309 0.0258845 0.0370615
6345 -0.125366 0.148279 0.0790742 0.101987
6350 -0.0815203 0.154815 0.126666 0.199961
6355 -0.0105263 0.153733 0.158584 0.301791
6360 0.0718248 0.137678 0.168796 0.378299
6365 0.147024 0.103878 0.156065 0.406967
6370 0.19883 0.0550326 0.125133 0.378995
6375 0.214464 -0.00197926 0.0834402 0.295925
6380 0.1855 -0.0609769 0.0369266 0.161449
6385 0.11441 -0.116369 -0.0111211 -0.0130798
6390 0.0161071 -0.160151 -0.0593932 -0.203437
6395 -0.0895896 -0.18185 -0.108169 -0.379609
6400 -0.182902 -0.17338 -0.159732 -0.516014
6405 -0.244726 -0.137668 -0.216128 -0.598523
6410 -0.26211 -0.0893869 -0.273214 -0.624711
6415 -0.233034 -0.0467957 -0.321894 -0.601724
6420 -0.166394 -0.0231976 -0.35607 -0.545661
6425 -0.076878 -0.0243354 -0.376476 -0.477689
6430 0.0205163 -0.0492697 -0.38582 -0.414573
6435 0.110703 -0.0904607 -0.382138 -0.361896
6440 0.179163 -0.13515 -0.358698 -0.314685
6445 0.215899 -0.169598 -0.308149 -0.261848
6450 0.217828 -0.181505 -0.226279 -0.189957
6455 0.190834 -0.16206 -0.116106 -0.0873316
6460 0.148293 -0.110577 0.0112747 0.048991
6465 0.1043 -0.0377986 0.143414 0.209915
6470 0.0661632 0.0363762 0.271042 0.373581
6475 0.0344132 0.0927032 0.384305 0.511421
6480 0.0103171 0.124139 0.471328 0.605784
6485 0.00101479 0.135102 0.52108 0.657197
6490 0.0122891 0.133049 0.525825 0.671163
6495 0.0373145 0.120987 0.483803 0.642105
6500 0.0576331 0.0972425 0.401359 0.556235
6505 0.0557509 0.0626503 0.292655 0.411056
6510 0.0252392 0.0243342 0.177754 0.227328
6515 -0.0289609 -0.0074339 0.0759841 0.0395893
6520 -0.0963904 -0.0246266 -0.00391875 -0.124936
6525 -0.166043 -0.0246391 -0.0656151 -0.256297
6530 -0.227498 -0.00996356 -0.11652 -0.353981
6535 -0.27061 0.0130878 -0.157649 -0.415172
6540 -0.288066 0.0364044 -0.182844 -0.434505
6545 -0.281466 0.0535295 -0.188221 -0.416158
6550 -0.259122 0.0601476 -0.17658 -0.375555
6555 -0.225095 0.0542351 -0.153485 -0.324345
6560 -0.179809 0.0364642 -0.122566 -0.265911
6565 -0.12853 0.00970412 -0.0838182 -0.202644
6570 -0.0815712 -0.0221754 -0.0352398 -0.138986
6575 -0.0455574 -0.0550902 0.0251289 -0.0755187
6580 -0.0182352 -0.0841184 0.0940827 -0.00827093
6585 0.00961337 -0.104321 0.158622 0.0639143
6590 0.0458149 -0.113718 0.20136 0.133458
6595 0.0889766 -0.11251 0.21117 0.187636
6600 0.132162 -0.101076 0.185769 0.216855
6605 0.169616 -0.0829303 0.128613 0.215299
6610 0.198676 -0.0652056 0.0471254 0.180596
6615 0.219783 -0.0522364 -0.0472727 0.120274
6620 0.235401 -0.0409827 -0.137377 0.057042
6625 0.24694 -0.0247679 -0.204342 0.0178293
6630 0.253006 -0.00227251 -0.240852 0.00988149
6635 0.252451 0.0205349 -0.254967 0.0180188
6640 0.247112 0.039088 -0.257466 0.028734
6645 0.239192 0.0560646 -0.249377 0.0458797
6650 0.228714 0.0729459 -0.222791 0.0788689
6655 0.212372 0.0823759 -0.172092 0.122656
6660 0.184493 0.0754508 -0.10074 0.159204
6665 0.141092 0.0520455 -0.0210925 0.172045
6670 0.0851057 0.0213895 0.0534423 0.159938
6675 0.0286601 -0.00688769 0.118282 0.140054
6680 -0.0142597 -0.0302785 0.174063 0.129525
6685 -0.0398402 -0.0498284 0.215683 0.126014
6690 -0.0566224 -0.0616515 0.232249 0.113975
6695 -0.0766071 -0.059058 0.217695 0.0820298
6700 -0.103765 -0.0426597 0.176862 0.0304373
6705 -0.132323 -0.0211473 0.118154 -0.0353167
6710 -0.157876 -0.00326337 0.0467151 -0.114424
6715 -0.182959 0.00422317 -0.031748 -0.210484
6720 -0.209617 -0.0016577 -0.106917 -0.318192
6725 -0.231228 -0.017137 -0.165862 -0.414226
6730 -0.236924 -0.0350319 -0.198606 -0.470562
6735 -0.221477 -0.0475536 -0.203436 -0.472467
6740 -0.189663 -0.0487387 -0.184781 -0.423183
6745 -0.151765 -0.0368969 -0.146832 -0.335494
6750 -0.117343 -0.0142658 -0.0929139 -0.224523
6755 -0.0923257 0.0139306 -0.0317204 -0.110116
6760 -0.0788704 0.0453025 0.021168 -0.0123999
6765 -0.0776338 0.0831205 0.0546271 0.0601138
6770 -0.0908726 0.12843 0.0693107 0.106868
6775 -0.118775 0.173299 0.0739373 0.128461
6780 -0.154195 0.202999 0.0773456 0.126149
6785 -0.183659 0.20807 0.0833181 0.107729
6790 -0.19146 0.192554 0.0904703 0.0915642
6795 -0.165167 0.16566 0.0948893 0.0953823
6800 -0.10375 0.126742 0.091466 0.114459
6805 -0.0189029 0.0649964 0.0771591 0.123253
6810 0.0740749 -0.0239993 0.0534378 0.103513
6815 0.162297 -0.127079 0.0245641 0.0597828
6820 0.234865 -0.218715 -0.0043026 0.0118471
6825 0.286435 -0.27726 -0.0263876 -0.0172123
6830 0.317414 -0.297161 -0.0319185 -0.0116663
6835 0.328235 -0.285453 -0.0118773 0.0309052
6840 0.319129 -0.252679 0.0336368 0.100087
6845 0.294201 -0.207336 0.0913103 0.178175
6850 0.259468 -0.154727 0.139673 0.244413
6855 0.218692 -0.0996249 0.15891 0.277977
6860 0.172308 -0.0470444 0.140327 0.265591
6865 0.119502 0.000897791 0.0884909 0.208891
6870 0.0593886 0.0446236 0.0155812 0.119593
6875 -0.00866031 0.0842924 -0.064544 0.0110881
6880 -0.0795929 0.119834 -0.139058 -0.098817
6885 -0.141526 0.148546 -0.196256 -0.189236
6890 -0.184448 0.163073 -0.225417 -0.246792
6895 -0.209029 0.157005 -0.22219 -0.274215
6900 -0.224782 0.130867 -0.191188 -0.285103
6905 -0.239731 0.0907356 -0.144189 -0.293185
6910 -0.251546 0.0409505 -0.0962854 -0.306881
6915 -0.250567 -0.0167544 -0.0586532 -0.325974
6920 -0.22734 -0.0779639 -0.0342377 -0.339541
6925 -0.17862 -0.13219 -0.0206131 -0.331423
6930 -0.11352 -0.165879 -0.0133966 -0.292796
6935 -0.0502533 -0.16949 -0.00929723 -0.229041
6940 -0.00550927 -0.140369 -0.00799739 -0.153876
6945 0.011566 -0.0809106 -0.00996562 -0.0793102
6950 -5.53187e-06 0.00332954 -0.0123091 -0.00898509
6955 -0.0336909 0.101208 -0.0046599 0.0628574
6960 -0.0777468 0.193903 0.0285473 0.144703
6965 -0.121735 0.262679 0.0967126 0.237656
6970 -0.159346 0.29744 0.193033 0.331128
6975 -0.186932 0.297369 0.29483 0.405267
6980 -0.201584 0.267684 0.376872 0.442972
6985 -0.201463 0.21828 0.423884 0.4407
6990 -0.186529 0.161501 0.43066 0.405633
6995 -0.157073 0.105147 0.397255 0.345329
7000 -0.114695 0.0474032 0.325828 0.258536
7005 -0.0661288 -0.0159651 0.222019 0.139925
7010 -0.0212148 -0.0802779 0.100055 -0.00143728
7015 0.0119912 -0.134685 -0.0184256 -0.14112
7020 0.0297235 -0.170533 -0.115097 -0.255906
7025 0.0332216 -0.184749 -0.18187 -0.333398
7030 0.0283961 -0.179628 -0.218844 -0.370076
7035 0.0237678 -0.159773 -0.228159 -0.364163
7040 0.0282464 -0.12851 -0.212891 -0.313155
7045 0.0470338 -0.0895842 -0.180786 -0.223336
7050 0.0766023 -0.0501347 -0.144571 -0.118103
7055 0.107489 -0.0183574 -0.116141 -0.0270096
7060 0.132421 0.00427372 -0.098517 0.0381777
7065 0.151487 0.0232631 -0.0850604 0.0896893
7070 0.16662 0.0421824 -0.0680564 0.140746
7075 0.174851 0.0574357 -0.0414881 0.190798
7080 0.171709 0.0643774 0.00097677 0.237063
7085 0.157679 0.0631879 0.0609533 0.281821
7090 0.141703 0.0559781 0.131929 0.32961
7095 0.135929 0.0443703 0.201731 0.382031
7100 0.144025 0.0303607 0.255506 0.429891
7105 0.157796 0.01266 0.278383 0.448839
7110 0.165012 -0.0117349 0.261998 0.415275
7115 0.160789 -0.0385925 0.208961 0.331158
7120 0.14961 -0.0561613 0.127609 0.221058
7125 0.136144 -0.0557512 0.0254042 0.105797
7130 0.118276 -0.0389847 -0.0860637 -0.00677264
7135 0.0900134 -0.014488 -0.187419 -0.111893
7140 0.0494699 0.010648 -0.260562 -0.200445
7145 0.0017194 0.0324962 -0.297837 -0.263622
7150 -0.0491381 0.0461844 -0.302905 -0.305858
7155 -0.104476 0.0457777 -0.285844 -0.344543
7160 -0.163658 0.0292826 -0.259138 -0.393513
7165 -0.21813 0.000692946 -0.231334 -0.448771
7170 -0.254443 -0.0323687 -0.201563 -0.488375
7175 -0.259944 -0.061978 -0.163556 -0.485478
7180 -0.229818 -0.0807295 -0.116246 -0.426794
7185 -0.172694 -0.081563 -0.0661856 -0.320442
7190 -0.105905 -0.0608697 -0.0226395 -0.189415
7195 -0.0427407 -0.0237537 0.0104769 -0.0560176
7200 0.0132153 0.0142151 0.0371546 0.064585
7205 0.0601148 0.036948 0.0625576 0.15962
7210 0.0930981 0.0399822 0.0852231 0.218304
7215 0.107533 0.0309896 0.0996888 0.238211
7220 0.102598 0.01893 0.103973 0.225502
7225 0.0813292 0.00820843 0.101402 0.190939
7230 0.0496431 0.000727357 0.0982674 0.148638
7235 0.0129328 -0.00334249 0.101362 0.110952
7240 -0.0279591 -0.00437744 0.112089 0.0797525
7245 -0.0756201 -0.00158836 0.123009 0.0458002
7250 -0.130983 0.00376243 0.12549 -0.00173122
7255 -0.190361 0.00574805 0.119072 -0.0655418
7260 -0.242991 -0.00156986 0.110476 -0.134085
7265 -0.274914 -0.019313 0.106032 -0.188195
7270 -0.27484 -0.0399029 0.106526 -0.208216
7275 -0.238973 -0.05175 0.107932 -0.182791
7280 -0.173643 -0.0499076 0.104057 -0.119494
7285 -0.0926052 -0.0386805 0.0907108 -0.0405749
7290 -0.0112237 -0.0254824 0.0678202 0.0311141
7295 0.0593516 -0.0174856 0.0385565 0.0804225
7300 0.11219 -0.021413 0.00762155 0.098399
7305 0.140923 -0.0395844 -0.0196464 0.0816918
7310 0.140005 -0.0686225 -0.037308 0.0340741
7315 0.110111 -0.103875 -0.0412027 -0.0349676
7320 0.0589449 -0.1417 -0.0325106 -0.115266
7325 -0.000954359 -0.178238 -0.0165673 -0.19576
7330 -0.0525691 -0.207847 0.00112306 -0.259293
7335 -0.0799282 -0.223361 0.0194435 -0.283846
7340 -0.0747333 -0.219669 0.0421625 -0.25224
7345 -0.0377128 -0.197445 0.0691852 -0.165972
7350 0.0225289 -0.162882 0.0899625 -0.0503902
7355 0.0921956 -0.124801 0.0912761 0.0586703
7360 0.157532 -0.0904095 0.0690544 0.136177
7365 0.210265 -0.0624327 0.0291254 0.176957
7370 0.245569 -0.0397346 -0.0185659 0.187269
7375 0.259767 -0.0180195 -0.0645267 0.177221
7380 0.250213 0.0077646 -0.0982681 0.159709
7385 0.21681 0.0404463 -0.109371 0.147885
7390 0.165034 0.0817187 -0.0948363 0.151917
7395 0.106582 0.128258 -0.0622106 0.172629
7400 0.0526918 0.167725 -0.0243296 0.196087
7405 0.00607914 0.189436 0.00658708 0.202102
7410 -0.0384726 0.196053 0.0220731 0.179654
7415 -0.0842953 0.196801 0.0176553 0.130161
7420 -0.123803 0.194469 -0.00696771 0.0636983
7425 -0.139875 0.183406 -0.0456698 -0.00213908
7430 -0.117646 0.157621 -0.0904002 -0.0504246
7435 -0.0559875 0.119212 -0.13675 -0.0735253
7440 0.0304176 0.0757351 -0.179004 -0.072851
7445 0.120896 0.0297027 -0.205036 -0.0544378
7450 0.200194 -0.0210584 -0.201965 -0.0228293
7455 0.261693 -0.0733052 -0.165854 0.0225344
7460 0.303377 -0.118239 -0.106759 0.0783793
7465 0.321879 -0.145834 -0.0432443 0.132801
7470 0.310624 -0.148775 0.0115994 0.173448
7475 0.266184 -0.124979 0.0565416 0.197746
7480 0.194214 -0.0796146 0.0932489 0.207848
7485 0.108816 -0.0263633 0.114192 0.196645
7490 0.025498 0.0173366 0.106125 0.148959
7495 -0.0477978 0.0400039 0.0653657 0.0575718
7500 -0.111889 0.0418258 0.00435527 -0.0657077
7505 -0.169107 0.0331037 -0.0589075 -0.19491
7510 -0.218599 0.02805 -0.112007 -0.302556
7515 -0.256623 0.034871 -0.150317 -0.372069
7520 -0.276425 0.0510943 -0.171259 -0.396589
7525 -0.272573 0.0702173 -0.172169 -0.374524
7530 -0.243618 0.0872035 -0.155332 -0.311747
7535 -0.193543 0.0961811 -0.126584 -0.223946
7540 -0.135187 0.0920413 -0.0904442 -0.13359
7545 -0.0877288 0.0760749 -0.0512824 -0.0629363
7550 -0.0671411 0.0578654 -0.0158987 -0.0251745
7555 -0.0769002 0.0485938 0.00957182 -0.0187346
7560 -0.10688 0.0534346 0.0248142 -0.028631
7565 -0.140604 0.0691875 0.0349616 -0.036455
7570 -0.164467 0.0874203 0.045271 -0.0317755
7575 -0.171689 0.101342 0.0575365 -0.0128111
7580 -0.159853 0.109125 0.0708132 0.0200855
7585 -0.127838 0.111307 0.0828589 0.0663275
7590 -0.0766421 0.107659 0.0896933 0.12071
7595 -0.0110335 0.097123 0.0876759 0.173765
7600 0.0600106 0.0775231 0.0775362 0.21507
7605 0.124293 0.0433394 0.0646803 0.232313
7610 0.168682 -0.00919894 0.0534898 0.212972
7615 0.183765 -0.072757 0.0426721 0.15368
7620 0.171763 -0.13239 0.0296177 0.0689913
7625 0.143513 -0.17741 0.0149851 -0.0189117
7630 0.105873 -0.205906 0.00314188 -0.0968902
7635 0.0598112 -0.217459 0.00107211 -0.156575
7640 0.00775878 -0.209291 0.0150994 -0.186433
7645 -0.0426759 -0.181864 0.0458197 -0.17872
7650 -0.0815493 -0.140878 0.0837934 -0.138634
7655 -0.10063 -0.0905326 0.1143 -0.076863
7660 -0.0962476 -0.0342212 0.127939 -0.0025298
7665 -0.069847 0.0208725 0.125314 0.0763392
7670 -0.0250262 0.066055 0.112226 0.153255
7675 0.0326197 0.0937019 0.0933401 0.219662
7680 0.0908097 0.0967774 0.071726 0.259313
7685 0.132123 0.0717262 0.0488341 0.252684
7690 0.142388 0.023554 0.021923 0.187865
7695 0.118245 -0.0331409 -0.0153609 0.0697434
7700 0.0703822 -0.08252 -0.0646735 -0.0768113
7705 0.019632 -0.116076 -0.119219 -0.215662
7710 -0.0141786 -0.130787 -0.167138 -0.312104
7715 -0.0227153 -0.124584 -0.198045 -0.345344
7720 -0.00918597 -0.0970448 -0.208386 -0.314617
7725 0.0175379 -0.0540727 -0.199447 -0.235982
7730 0.0474231 -0.00693982 -0.17256 -0.132076
7735 0.0753488 0.0371992 -0.130025 -0.0174766
7740 0.101736 0.0792809 -0.0778402 0.103177
7745 0.127444 0.11966 -0.0232713 0.223833
7750 0.150349 0.15144 0.0278536 0.329643
7755 0.164084 0.163342 0.0710807 0.398506
7760 0.16197 0.151439 0.10235 0.415758
7765 0.144089 0.127251 0.11755 0.38889
7770 0.116603 0.110327 0.114037 0.340966
7775 0.0859783 0.114742 0.0922303 0.29295
7780 0.0537893 0.142094 0.053971 0.249854
7785 0.0190778 0.181134 0.00194972 0.202161
7790 -0.016118 0.218836 -0.0585068 0.144211
7795 -0.0468058 0.251304 -0.120861 0.0836367
7800 -0.0686553 0.279089 -0.176944 0.0334897
7805 -0.0810841 0.296406 -0.2156 -0.00027883
7810 -0.0880239 0.291955 -0.225635 -0.021704
7815 -0.0973926 0.257903 -0.202614 -0.0421033
7820 -0.117454 0.195539 -0.152467 -0.0743818
7825 -0.148389 0.112517 -0.085416 -0.121288
7830 -0.180148 0.0182342 -0.011051 -0.172965
7835 -0.200004 -0.0755157 0.0636227 -0.211897
7840 -0.200258 -0.154922 0.134156 -0.221024
7845 -0.178702 -0.206921 0.19319 -0.192433
7850 -0.136968 -0.223589 0.231516 -0.129042
7855 -0.0815624 -0.205962 0.241998 -0.0455262
7860 -0.0246432 -0.160926 0.219388 0.033819
7865 0.0211442 -0.0992815 0.163999 0.0858617
7870 0.0516165 -0.0376089 0.0874264 0.101434
7875 0.0701688 0.00445865 0.00945008 0.0840775
7880 0.0804707 0.0139327 -0.0530049 0.0413985
7885 0.0855312 -0.00922607 -0.0941835 -0.0178783
7890 0.0862984 -0.0529025 -0.11403 -0.0806342
7895 0.0802619 -0.0992728 -0.111105 -0.130116
7900 0.0682997 -0.132683 -0.0876297 -0.152013
7905 0.0569294 -0.143571 -0.055147 -0.141789
7910 0.0530707 -0.127657 -0.0289267 -0.103513
7915 0.0596105 -0.0859241 -0.0172561 -0.0435697
7920 0.0752297 -0.0265004 -0.0183277 0.0304016
7925 0.0947565 0.0343075 -0.0270386 0.102025
7930 0.111219 0.0765267 -0.0413488 0.146397
7935 0.12012 0.0855853 -0.0583088 0.147396
7940 0.120587 0.0595531 -0.0672384 0.112902
7945 0.111733 0.0087155 -0.0527253 0.0677228
7950 0.0882797 -0.0506833 -0.00728672 0.0303097
7955 0.043474 -0.104266 0.0608404 4.80523e-05
7960 -0.0217209 -0.14587 0.134205 -0.0333859
7965 -0.0942839 -0.17589 0.198649 -0.0715254
7970 -0.154065 -0.192494 0.2491 -0.09746
7975 -0.184261 -0.186042 0.284828 -0.085475
7980 -0.179377 -0.144471 0.301575 -0.0222728
7985 -0.147053 -0.0675852 0.291376 0.0767381
7990 -0.102281 0.027648 0.249425 0.174792
7995 -0.0590302 0.115347 0.180611 0.236927
8000 -0.0263555 0.176115 0.0983476 0.248107
8005 -0.00874636 0.208185 0.0180196 0.217458
8010 -0.00905039 0.221562 -0.0492924 0.163219
8015 -0.0267103 0.221962 -0.0982801 0.0969713
8020 -0.0554727 0.205977 -0.127703 0.0228009
8025 -0.0854744 0.170992 -0.141917 -0.0563993
8030 -0.105875 0.123724 -0.149391 -0.131542
8035 -0.108619 0.076694 -0.156647 -0.188572
8040 -0.0942735 0.0401249 -0.163742 -0.21789
8045 -0.0694705 0.0174496 -0.165787 -0.217808
8050 -0.0374736 0.00778662 -0.159053 -0.18874
8055 0.00193332 0.0103154 -0.146199 -0.13395
8060 0.0443494 0.025358 -0.13348 -0.0637725
8065 0.0791011 0.0495903 -0.122153 0.00653796
8070 0.0962841 0.0740249 -0.106482 0.063827
8075 0.0950134 0.089175 -0.0825532 0.101635
8080 0.0861806 0.0907147 -0.0583899 0.118505
8085 0.0838223 0.0788622 -0.0472985 0.115386
8090 0.0929748 0.0559789 -0.0504165 0.0985371
8095 0.109799 0.0266564 -0.0542148 0.0822411
8100 0.126823 -0.00218053 -0.0453983 0.0792444
8105 0.137782 -0.0237916 -0.0224777 0.0915124
8110 0.139641 -0.0360572 0.00681576 0.110399
8115 0.13063 -0.0420338 0.0332571 0.121853
8120 0.106836 -0.044238 0.0512545 0.113852
8125 0.0607485 -0.042789 0.0610733 0.0790328
8130 -0.0125731 -0.0398344 0.0678036 0.0153961
8135 -0.108324 -0.0399522 0.0755941 -0.0726819
8140 -0.211626 -0.0472266 0.0842411 -0.174611
8145 -0.302548 -0.0643689 0.0915155 -0.275401
8150 -0.363138 -0.0899559 0.097154 -0.35594
8155 -0.381584 -0.117487 0.103209 -0.395862
8160 -0.351814 -0.136944 0.11074 -0.378018
8165 -0.273769 -0.136531 0.117098 -0.293201
8170 -0.158931 -0.108188 0.116951 -0.150167
8175 -0.0293467 -0.0550007 0.103892 0.0195446
8180 0.0903785 0.00906173 0.0760522 0.175492
8185 0.183594 0.0683254 0.0402876 0.292207
8190 0.247615 0.112769 0.00595257 0.366337
8195 0.28897 0.137692 -0.0204895 0.406173
8200 0.314149 0.143397 -0.0350966 0.42245
8205 0.323848 0.134718 -0.0359205 0.422645
8210 0.313332 0.116599 -0.0227385 0.407193
8215 0.279663 0.0934066 0.00440563 0.377475
8220 0.227427 0.0724273 0.0435982 0.343452
8225 0.167042 0.0636533 0.0850469 0.315742
8230 0.109271 0.0726252 0.115952 0.297849
8235 0.0631605 0.0956144 0.131639 0.290414
8240 0.0345112 0.12146 0.136922 0.292893
8245 0.0240094 0.136901 0.135933 0.296844
8250 0.0273373 0.133351 0.123275 0.283963
8255 0.0386152 0.108866 0.0899227 0.237404
8260 0.0504975 0.0661627 0.0368255 0.153486
8265 0.0537464 0.0123553 -0.0180827 0.0480189
8270 0.0436662 -0.0412521 -0.0506496 -0.0482355
8275 0.0237502 -0.083482 -0.0485224 -0.108254
8280 0.000580238 -0.108481 -0.0179286 -0.12583
8285 -0.0208529 -0.116384 0.0237425 -0.113494
8290 -0.0386304 -0.109628 0.0583363 -0.0899224
8295 -0.0531021 -0.092816 0.0734979 -0.0724202
8300 -0.0645342 -0.0725863 0.0653675 -0.0717531
8305 -0.0718558 -0.0528786 0.0353658 -0.0893686
8310 -0.0754145 -0.033075 -0.0143345 -0.122824
8315 -0.0779876 -0.0121975 -0.0800355 -0.170221
8320 -0.0823735 0.00934496 -0.15529 -0.228319
8325 -0.0850094 0.0299826 -0.231364 -0.286391
8330 -0.0760442 0.0469544 -0.297146 -0.326236
8335 -0.0465439 0.0558581 -0.341313 -0.331999
8340 0.00469283 0.0517346 -0.355182 -0.298754
8345 0.0673438 0.031729 -0.334649 -0.235577
8350 0.123472 -0.00256538 -0.281489 -0.160582
8355 0.159928 -0.0462858 -0.204098 -0.0904559
8360 0.176983 -0.0938503 -0.114927 -0.0317937
8365 0.182024 -0.138583 -0.0251915 0.0182496
8370 0.176221 -0.171537 0.0556384 0.0603224
8375 0.153342 -0.182882 0.117814 0.0882738
8380 0.110748 -0.168467 0.151766 0.0940469
8385 0.0581665 -0.133597 0.152794 0.0773641
8390 0.0117271 -0.0882304 0.125947 0.0494433
8395 -0.016952 -0.0421857 0.0857531 0.0266154
8400 -0.0244663 -0.00305619 0.0465322 0.0190097
8405 -0.0136299 0.0255236 0.0135217 0.0254154
8410 0.00821506 0.0435958 -0.0129348 0.038876
8415 0.0311342 0.0503792 -0.031042 0.0504714
8420 0.0469203 0.0432434 -0.0393177 0.0508459
8425 0.0518478 0.0233031 -0.0419591 0.0331918
8430 0.0428868 -0.00331073 -0.045721 -0.00614491
8435 0.0166343 -0.030569 -0.0526874 -0.0666222
8440 -0.0292447 -0.0542398 -0.0594317 -0.142916
8445 -0.093569 -0.0707449 -0.0611955 -0.225509
8450 -0.167692 -0.0809058 -0.0557625 -0.30436
8455 -0.23583 -0.0915484 -0.0421704 -0.369549
8460 -0.28035 -0.109683 -0.0163308 -0.406363
8465 -0.289465 -0.136255 0.0239928 -0.401728
8470 -0.263959 -0.162996 0.0708117 -0.356143
8475 -0.212415 -0.173581 0.109929 -0.276067
8480 -0.143993 -0.153924 0.134976 -0.162942
8485 -0.0664495 -0.102598 0.151255 -0.0177922
8490 0.0138983 -0.0313708 0.163677 0.146204
8495 0.0921689 0.0432896 0.169754 0.305212
8500 0.162028 0.108556 0.164463 0.435046
8505 0.212888 0.156394 0.14551 0.514792
8510 0.234618 0.180594 0.111786 0.526998
8515 0.221892 0.177168 0.0644511 0.463512
8520 0.174578 0.148809 0.0102051 0.333592
8525 0.100685 0.103635 -0.0422145 0.162106
8530 0.0192193 0.0508733 -0.0854222 -0.0153295
8535 -0.0470409 0.000850675 -0.111621 -0.157811
8540 -0.0864772 -0.0345548 -0.114093 -0.235125
8545 -0.104337 -0.0449105 -0.09551 -0.244757
8550 -0.114764 -0.0253717 -0.068306 -0.208442
8555 -0.128779 0.0187077 -0.0446243 -0.154695
8560 -0.147565 0.0725083 -0.0304583 -0.105515
8565 -0.167636 0.120412 -0.0270607 -0.0742846
8570 -0.187899 0.152776 -0.0337286 -0.0688512
8575 -0.207774 0.165982 -0.049784 -0.0915758
8580 -0.22366 0.158649 -0.0743836 -0.139394
8585 -0.229538 0.129877 -0.104446 -0.204107
8590 -0.218981 0.0800442 -0.133972 -0.272909
8595 -0.18777 0.0164624 -0.157785 -0.329092
8600 -0.138256 -0.043788 -0.173052 -0.355096
8605 -0.0814836 -0.0832112 -0.17748 -0.342175
8610 -0.0300025 -0.0955058 -0.170291 -0.2958
8615 0.0102994 -0.0853234 -0.150271 -0.225296
8620 0.0397214 -0.0609335 -0.11588 -0.137092
8625 0.059237 -0.0300162 -0.0712601 -0.0420393
8630 0.070567 0.000651218 -0.0245791 0.0466392
8635 0.0768251 0.0255601 0.0210692 0.123454
8640 0.0786621 0.0392587 0.0708558 0.188777
8645 0.0758682 0.0360433 0.130579 0.24249
8650 0.0727181 0.015088 0.192873 0.280679
8655 0.076877 -0.0177846 0.236706 0.295799
8660 0.0946323 -0.053236 0.243501 0.284897
8665 0.125738 -0.0808045 0.211766 0.256699
8670 0.161739 -0.0927993 0.156332 0.225272
8675 0.188472 -0.0895676 0.0954745 0.194379
8680 0.192718 -0.0787902 0.039652 0.153579
8685 0.168882 -0.0703007 -0.00678409 0.0917972
8690 0.120627 -0.0701569 -0.0357942 0.0146756
8695 0.0601048 -0.0763521 -0.0349275 -0.0511748
8700 0.00263583 -0.0825073 0.000383503 -0.079488
8705 -0.0408649 -0.0844861 0.0577441 -0.0676069
8710 -0.066311 -0.0819145 0.115578 -0.0326474
8715 -0.0722127 -0.0751312 0.160445 0.0131008
8720 -0.0593444 -0.0636481 0.191905 0.0689126
8725 -0.0326476 -0.0496571 0.212368 0.130063
8730 0.00244054 -0.0381597 0.218589 0.18287
8735 0.0404727 -0.0335438 0.203425 0.210354
8740 0.0746112 -0.0333334 0.162402 0.20368
8745 0.0995599 -0.0289252 0.0964528 0.167087
8750 0.111517 -0.0135856 0.00900302 0.106935
8755 0.106809 0.0133638 -0.0946688 0.0255041
8760 0.0824619 0.0475798 -0.203412 -0.0733706
8765 0.037165 0.0829089 -0.301043 -0.180969
8770 -0.0246423 0.113424 -0.372224 -0.283442
8775 -0.0950526 0.135196 -0.408068 -0.367925
8780 -0.167896 0.145941 -0.407002 -0.428957
8785 -0.237492 0.145532 -0.374691 -0.46665
8790 -0.296149 0.137918 -0.320152 -0.478383
8795 -0.33793 0.127903 -0.248855 -0.458881
8800 -0.360655 0.118045 -0.162324 -0.404934
8805 -0.364584 0.110539 -0.0652432 -0.319288
8810 -0.353165 0.108805 0.0321762 -0.212183
8815 -0.332614 0.114471 0.120087 -0.0980564
8820 -0.308823 0.125654 0.19517 0.0120005
8825 -0.285515 0.135626 0.259783 0.109894
8830 -0.263684 0.135296 0.313319 0.18493
8835 -0.240423 0.118868 0.346469 0.224914
8840 -0.209016 0.0838473 0.347492 0.222323
8845 -0.162199 0.0312183 0.310527 0.179547
8850 -0.094897 -0.0321638 0.242451 0.11539
8855 -0.00589194 -0.0965606 0.162298 0.0598458
8860 0.0984951 -0.151818 0.0898086 0.0364862
8865 0.204797 -0.188126 0.0354397 0.0521112
8870 0.297123 -0.199651 0.000894559 0.0983669
8875 0.364197 -0.188366 -0.0164632 0.159368
8880 0.402124 -0.164117 -0.020554 0.217454
8885 0.409191 -0.139845 -0.0142534 0.255093
8890 0.383518 -0.124545 0.00229605 0.261269
8895 0.327905 -0.118986 0.0295718 0.238491
8900 0.254408 -0.11846 0.0663369 0.202285
8905 0.178348 -0.120802 0.108836 0.166382
8910 0.108979 -0.128117 0.148738 0.1296
8915 0.0457219 -0.14059 0.171931 0.0770629
8920 -0.0174969 -0.152901 0.163857 -0.0065407
8925 -0.0794806 -0.156866 0.119403 -0.116944
8930 -0.127641 -0.14521 0.0464898 -0.226361
8935 -0.149513 -0.113266 -0.0381931 -0.300972
8940 -0.143 -0.0619889 -0.117756 -0.322746
8945 -0.115751 0.00098174 -0.179833 -0.294603
8950 -0.0738427 0.0658892 -0.215802 -0.223756
8955 -0.0146526 0.1225 -0.220594 -0.112747
8960 0.0614894 0.159178 -0.194404 0.0262629
8965 0.140812 0.167804 -0.143915 0.164701
8970 0.203242 0.148306 -0.0814914 0.270056
8975 0.236939 0.109715 -0.0184301 0.328224
8980 0.242751 0.0656161 0.0388827 0.347249
8985 0.225432 0.0274351 0.0868474 0.339714
8990 0.185798 0.00296565 0.122179 0.310942
8995 0.123705 -0.000934712 0.143197 0.265967
9000 0.0484751 0.0189761 0.152349 0.219801
9005 -0.018807 0.0557773 0.155397 0.192367
9010 -0.0577062 0.0937952 0.156926 0.193015
9015 -0.0625984 0.117244 0.156524 0.21117
9020 -0.0455083 0.11537 0.147555 0.217416
9025 -0.0244449 0.0847045 0.123259 0.183519
9030 -0.0119048 0.0310276 0.0849623 0.104085
9035 -0.0164274 -0.0309485 0.0434015 -0.00397442
9040 -0.0456103 -0.0822133 0.0100082 -0.117815
9045 -0.100126 -0.108657 -0.0106016 -0.219384
9050 -0.168017 -0.109799 -0.021742 -0.299558
9055 -0.230983 -0.0977629 -0.0327807 -0.361526
9060 -0.271194 -0.0846376 -0.0551678 -0.411
9065 -0.27608 -0.0739221 -0.0963117 -0.446314
9070 -0.244212 -0.0647354 -0.154113 -0.46306
9075 -0.186928 -0.0584385 -0.2162 -0.461567
9080 -0.120975 -0.0576818 -0.265602 -0.444259
9085 -0.0584038 -0.0574965 -0.289385 -0.405285
9090 -0.00400918 -0.0430448 -0.282295 -0.329349
9095 0.0403629 -0.00214873 -0.245014 -0.2068
9100 0.0716861 0.0638494 -0.181932 -0.046397
9105 0.0861272 0.141113 -0.102626 0.124614
9110 0.0814557 0.212352 -0.0239235 0.269885
9115 0.0606657 0.266842 0.0360145 0.363522
9120 0.0316431 0.302073 0.0680581 0.401774
9125 0.00122151 0.316766 0.0739983 0.391986
9130 -0.0290388 0.308348 0.060059 0.339368
9135 -0.0608044 0.27808 0.0330555 0.250331
9140 -0.0931423 0.235541 0.0010267 0.143425
9145 -0.120702 0.190921 -0.0279568 0.0422627
9150 -0.137447 0.144893 -0.0475824 -0.0401356
9155 -0.14005 0.0898321 -0.0521696 -0.102387
9160 -0.127428 0.018677 -0.0373086 -0.14606
9165 -0.101284 -0.066981 -0.00602706 -0.174292
9170 -0.0676718 -0.156555 0.0309961 -0.19323
9175 -0.0351654 -0.235051 0.0664913 -0.203725
9180 -0.01094 -0.288601 0.100214 -0.199327
9185 0.00336655 -0.310438 0.129672 -0.177399
9190 0.0127354 -0.303729 0.144323 -0.14667
9195 0.0240157 -0.276326 0.131817 -0.120493
9200 0.0400447 -0.233751 0.0886039 -0.105103
9205 0.0579274 -0.177263 0.0234406 -0.0958946
9210 0.0704832 -0.106084 -0.0461065 -0.0817075
9215 0.0694649 -0.0222529 -0.102586 -0.0553735
9220 0.0507755 0.0643701 -0.136688 -0.0215421
9225 0.0198113 0.138033 -0.147667 0.0101781
9230 -0.00891891 0.187254 -0.135812 0.0425224
9235 -0.0231502 0.208825 -0.0998363 0.085839
9240 -0.0193586 0.203492 -0.0463442 0.13779
9245 -0.001427 0.172408 0.00693607 0.177917
9250 0.0222129 0.115311 0.0435269 0.181051
9255 0.0421627 0.0353855 0.058192 0.13574
9260 0.0533352 -0.0552562 0.0549173 0.0529963
9265 0.0569689 -0.138818 0.0401139 -0.0417352
9270 0.0569916 -0.199631 0.0217311 -0.120908
9275 0.0574037 -0.230366 0.00886932 -0.164093
9280 0.0641017 -0.232649 0.00579884 -0.162748
9285 0.0826068 -0.211222 0.00985719 -0.118758
9290 0.11234 -0.170815 0.0172884 -0.0411868
9295 0.14378 -0.12016 0.0267259 0.0503453
9300 0.161908 -0.0730924 0.0380971 0.126913
9305 0.156637 -0.0424957 0.0512392 0.16538
9310 0.13261 -0.0350232 0.0653776 0.162965
9315 0.105433 -0.0506807 0.0766766 0.131428
9320 0.0866542 -0.0803285 0.0784244 0.08475
9325 0.0742787 -0.106812 0.0660782 0.0335444
9330 0.0573064 -0.117084 0.0410281 -0.0187498
9335 0.0274973 -0.110901 0.0090114 -0.074392
9340 -0.0147859 -0.0965326 -0.0264589 -0.137777
9345 -0.0625019 -0.0822568 -0.0657909 -0.21055
9350 -0.110509 -0.0718976 -0.106449 -0.288855
9355 -0.160129 -0.0650164 -0.138633 -0.363778
9360 -0.21156 -0.0609892 -0.149656 -0.422205
9365 -0.255095 -0.0644818 -0.130045 -0.449622
9370 -0.275239 -0.0846646 -0.0797228 -0.439627
9375 -0.265163 -0.125258 -0.00996219 -0.400383
9380 -0.23205 -0.176228 0.0598105 -0.348468
9385 -0.188343 -0.21756 0.112592 -0.293311
9390 -0.142331 -0.230639 0.142976 -0.229995
9395 -0.0985501 -0.207229 0.152458 -0.153322
9400 -0.0613898 -0.154699 0.140446 -0.0756432
9405 -0.0347368 -0.0898123 0.103249 -0.0212997
9410 -0.01909 -0.0235084 0.040999 -0.00159928
9415 -0.010994 0.0445177 -0.0359557 -0.00243198
9420 -0.00400492 0.117217 -0.11129 0.00192197
9425 0.00441848 0.189369 -0.172234 0.0215534
9430 0.0110973 0.246938 -0.211319 0.046717
9435 0.0133384 0.276058 -0.225939 0.063458
9440 0.0100376 0.273131 -0.216743 0.0664262
9445 -0.000858328 0.244329 -0.184999 0.0584721
9450 -0.0213201 0.197221 -0.134936 0.0409643
9455 -0.0498061 0.135025 -0.0726339 0.0125848
9460 -0.0841163 0.0595989 -0.00100926 -0.0255267
9465 -0.12617 -0.0200203 0.078375 -0.0678153
9470 -0.176759 -0.0863742 0.159149 -0.103985
9475 -0.225069 -0.12395 0.227179 -0.121839
9480 -0.249604 -0.129146 0.264723 -0.114027
9485 -0.232217 -0.110835 0.262214 -0.0808383
9490 -0.172108 -0.0826647 0.226347 -0.0284258
9495 -0.0857363 -0.0536992 0.171013 0.0315776
9500 0.00434124 -0.0234546 0.10448 0.0853667
9505 0.0811152 0.0128784 0.0302229 0.124216
9510 0.135834 0.0550012 -0.0427351 0.148101
9515 0.164908 0.096712 -0.0979925 0.163628
9520 0.167734 0.132122 -0.123335 0.176521
9525 0.146164 0.159813 -0.119696 0.186281
9530 0.107209 0.182029 -0.097752 0.191486
9535 0.0645772 0.201154 -0.0691657 0.196565
9540 0.0324258 0.215718 -0.0397155 0.208429
9545 0.016297 0.223233 -0.0111078 0.228423
9550 0.0131126 0.22387 0.0127428 0.249725
9555 0.0189681 0.218906 0.0240948 0.261969
9560 0.0326806 0.210258 0.0170271 0.259966
9565 0.0537639 0.198112 -0.00354661 0.248329
9570 0.0794909 0.176984 -0.0230133 0.233461
9575 0.103284 0.138916 -0.0282211 0.213979
9580 0.118146 0.0837573 -0.0157949 0.186108
9585 0.122468 0.0218632 0.00843578 0.152767
9590 0.11948 -0.0334244 0.0359709 0.122026
9595 0.112946 -0.0734519 0.0600886 0.0995824
9600 0.10544 -0.0964032 0.075284 0.0843211
9605 0.0974848 -0.104201 0.0753414 0.068625
9610 0.0875302 -0.0972071 0.0557446 0.0460677
9615 0.0710792 -0.0721027 0.0194779 0.0184544
9620 0.0432182 -0.0292723 -0.0229156 -0.00896964
9625 0.00430288 0.0209309 -0.0602007 -0.0349669
9630 -0.0388729 0.0642253 -0.0877975 -0.062445
9635 -0.0771229 0.0926388 -0.105107 -0.0895912
9640 -0.100385 0.106562 -0.110985 -0.104808
9645 -0.0966016 0.105697 -0.105536 -0.0964411
9650 -0.0585827 0.0843262 -0.0916642 -0.0659207
9655 0.00749979 0.0395993 -0.0745473 -0.0274482
9660 0.0859759 -0.020501 -0.059316 0.00615885
9665 0.161358 -0.0852378 -0.046933 0.0291875
9670 0.221476 -0.1476 -0.0359252 0.0379515
9675 0.255618 -0.202508 -0.0239662 0.0291441
9680 0.256119 -0.241305 -0.0101617 0.00465151
9685 0.22116 -0.251048 0.00431777 -0.0255698
9690 0.157174 -0.222054 0.0215997 -0.0432804
9695 0.0771609 -0.153852 0.0487445 -0.0279467
9700 -0.00761702 -0.054071 0.0913723 0.0296842
9705 -0.0869226 0.0630327 0.145933 0.122043
9710 -0.144595 0.17967 0.195302 0.230377
9715 -0.163423 0.278542 0.217603 0.332722
9720 -0.13724 0.346645 0.20199 0.411396
9725 -0.0755649 0.371308 0.153676 0.449419
9730 0.00398956 0.340956 0.0881631 0.433109
9735 0.0844746 0.254873 0.0195845 0.358932
9740 0.152892 0.128408 -0.0456447 0.235656
9745 0.201047 -0.0134111 -0.103121 0.0845145
9750 0.223179 -0.145292 -0.145998 -0.0681112
9755 0.213534 -0.247855 -0.168598 -0.202919
9760 0.171079 -0.309613 -0.170422 -0.308955
9765 0.10544 -0.325933 -0.15738 -0.377872
9770 0.0352932 -0.298947 -0.139484 -0.403138
9775 -0.0210119 -0.237133 -0.124607 -0.382753
9780 -0.0539792 -0.154142 -0.117682 -0.325803
9785 -0.062574 -0.0678706 -0.121303 -0.251748
9790 -0.0504823 0.00609577 -0.133492 -0.177879
9795 -0.0238889 0.0612542 -0.146693 -0.109328
9800 0.00859332 0.0986304 -0.153216 -0.045992
9805 0.0383033 0.11999 -0.151217 0.00707574
9810 0.0586972 0.127026 -0.144436 0.0412866
9815 0.0646905 0.12693 -0.132537 0.0590832
9820 0.0535971 0.130857 -0.108827 0.0756268
9825 0.0290326 0.146795 -0.0719335 0.103894
9830 0.00299688 0.175605 -0.033 0.145602
9835 -0.0090145 0.210108 -0.00618472 0.194909
9840 0.00313017 0.240014 0.00417471 0.247319
9845 0.039733 0.260235 0.00403239 0.304
9850 0.093059 0.27219 0.00204909 0.367298
9855 0.151355 0.27542 0.00375604 0.430531
9860 0.202026 0.264088 0.00848502 0.474599
9865 0.233985 0.233199 0.0119416 0.479125
9870 0.241117 0.182953 0.00934878 0.433419
9875 0.224672 0.117565 -0.0020424 0.340195
9880 0.189616 0.0439989 -0.0192239 0.214391
9885 0.137078 -0.0293037 -0.0365517 0.071223
9890 0.0648161 -0.0949802 -0.0504207 -0.0805847
9895 -0.0234434 -0.148891 -0.0552265 -0.227561
9900 -0.115696 -0.190417 -0.0446946 -0.350808
9905 -0.199625 -0.221632 -0.0191348 -0.440392
9910 -0.268115 -0.244454 0.0141763 -0.498393
9915 -0.314755 -0.256855 0.0472046 -0.524406
9920 -0.328554 -0.255586 0.0745477 -0.509593
9925 -0.298225 -0.24321 0.0949409 -0.446494
9930 -0.224258 -0.225573 0.111739 -0.338092
9935 -0.124549 -0.203208 0.131157 -0.196601
9940 -0.0253057 -0.174111 0.156811 -0.0426064
9945 0.0536656 -0.14091 0.185887 0.0986423
9950 0.103999 -0.1071 0.209012 0.205911
9955 0.126057 -0.0714152 0.213065 0.267707
9960 0.125627 -0.0334425 0.19026 0.282444
9965 0.110371 0.000939044 0.14494 0.25625
9970 0.087583 0.024074 0.0870692 0.198726
9975 0.0615553 0.031764 0.0247246 0.118044
9980 0.0337455 0.0216355 -0.0337255 0.0216555
9985 0.00338316 -0.00497274 -0.0772838 -0.0788734
9990 -0.0297124 -0.0396526 -0.0956749 -0.16504
9995 -0.0617811 -0.0700929 -0.0870929 -0.218967
10000 -0.0870959 -0.0856318 -0.0595265 -0.232254
