# Time-averaged data for fix out_vacf
Step VACF_x VACF_y VACF_z VACF_total
0 6.22426 6.4028 6.49014 19.1172
5 5.96113 6.06738 6.15708 18.1856
10 5.17346 5.21111 5.30246 15.687
15 3.97544 3.96773 4.0597 12.0029
20 2.53357 2.51871 2.61389 7.66616
25 1.03661 1.0553 1.15437 3.24628
30 -0.336609 -0.252437 -0.159499 -0.748544
35 -1.44717 -1.27925 -1.21346 -3.93988
40 -2.21461 -1.95935 -1.94433 -6.11829
45 -2.62082 -2.29063 -2.33972 -7.25117
50 -2.69857 -2.32441 -2.43375 -7.45673
55 -2.51242 -2.14391 -2.29464 -6.95097
60 -2.14469 -1.83983 -2.00535 -5.98988
65 -1.68545 -1.49462 -1.64743 -4.82751
70 -1.22231 -1.1742 -1.28808 -3.68459
75 -0.827119 -0.919909 -0.974734 -2.72176
80 -0.545029 -0.745177 -0.734482 -2.02469
85 -0.388503 -0.641633 -0.575528 -1.60566
90 -0.338935 -0.587593 -0.491991 -1.41852
95 -0.360123 -0.554317 -0.466846 -1.38129
100 -0.414103 -0.513766 -0.471982 -1.39985
105 -0.465468 -0.447034 -0.474103 -1.3866
110 -0.482303 -0.35023 -0.447676 -1.28021
115 -0.44388 -0.234662 -0.384408 -1.06295
120 -0.34783 -0.120963 -0.29345 -0.762243
125 -0.211254 -0.028845 -0.190384 -0.430483
130 -0.0631842 0.0281928 -0.0892001 -0.124191
135 0.0696233 0.0420118 -0.00262297 0.109012
140 0.168491 0.00974727 0.0582486 0.236486
145 0.221766 -0.0617686 0.0850521 0.24505
150 0.226812 -0.153299 0.0743549 0.147868
155 0.194392 -0.238464 0.0319502 -0.0121226
160 0.142713 -0.296973 -0.0268799 -0.18114
165 0.0827014 -0.323833 -0.0847249 -0.325857
170 0.013751 -0.323237 -0.128903 -0.43839
175 -0.0672968 -0.297084 -0.153689 -0.51807
180 -0.153874 -0.245825 -0.159918 -0.559617
185 -0.230767 -0.176363 -0.154992 -0.562122
190 -0.284609 -0.10395 -0.14895 -0.537508
195 -0.308304 -0.0469862 -0.14709 -0.50238
200 -0.299821 -0.0180659 -0.149449 -0.467336
205 -0.261764 -0.0142716 -0.156038 -0.432073
210 -0.200282 -0.0214192 -0.164503 -0.386204
215 -0.124762 -0.0298606 -0.169829 -0.324452
220 -0.0480874 -0.0383455 -0.1699 -0.256333
225 0.0137602 -0.0453883 -0.16607 -0.197698
230 0.0478594 -0.0440966 -0.161537 -0.157774
235 0.0505064 -0.0277376 -0.158509 -0.13574
240 0.0257608 0.00278262 -0.156925 -0.128382
245 -0.017707 0.0391152 -0.152374 -0.130965
250 -0.0666863 0.0713094 -0.137509 -0.132886
255 -0.105455 0.0924049 -0.106391 -0.119441
260 -0.119289 0.0990518 -0.0544089 -0.0746459
265 -0.0977451 0.0922563 0.0195024 0.0140136
270 -0.0406635 0.0793947 0.103971 0.142703
275 0.0394309 0.0717833 0.175957 0.287171
280 0.124281 0.0784421 0.217788 0.420511
285 0.19792 0.0997425 0.228385 0.526047
290 0.250724 0.12648 0.214775 0.591978
295 0.279032 0.14796 0.183338 0.610331
300 0.284209 0.158989 0.141006 0.584204
305 0.270365 0.159513 0.0964948 0.526373
310 0.240822 0.149169 0.0565586 0.446549
315 0.196306 0.124831 0.0236204 0.344757
320 0.136916 0.0861071 -0.0059742 0.217049
325 0.0662803 0.0379955 -0.0378506 0.0664251
330 -0.00659042 -0.0127828 -0.0698143 -0.0891875
335 -0.0732096 -0.0615891 -0.0926946 -0.227493
340 -0.131049 -0.10604 -0.100814 -0.337903
345 -0.179583 -0.145026 -0.096527 -0.421136
350 -0.215636 -0.178692 -0.0853487 -0.479676
355 -0.233444 -0.207652 -0.069964 -0.51106
360 -0.227389 -0.229932 -0.0485654 -0.505886
365 -0.194185 -0.240273 -0.0208345 -0.455292
370 -0.136532 -0.233863 0.00559714 -0.364797
375 -0.0645436 -0.209825 0.0218663 -0.252502
380 0.00840286 -0.173031 0.0250516 -0.139577
385 0.0718648 -0.132332 0.0157236 -0.044744
390 0.120799 -0.0952384 -0.00574222 0.0198183
395 0.151336 -0.0624575 -0.0379466 0.0509316
400 0.157056 -0.0277862 -0.0761619 0.0531077
405 0.133483 0.0154437 -0.11461 0.0343159
410 0.0851019 0.0677245 -0.146518 0.00630873
415 0.0240177 0.123806 -0.162079 -0.0142551
420 -0.0361655 0.177368 -0.151968 -0.0107648
425 -0.0836118 0.223293 -0.115579 0.0241024
430 -0.109793 0.255709 -0.0637847 0.0821319
435 -0.109917 0.266048 -0.0105496 0.145581
440 -0.0824043 0.246667 0.0348275 0.199091
445 -0.0322055 0.197153 0.06741 0.232357
450 0.0250698 0.128927 0.0855295 0.239526
455 0.0703808 0.0615095 0.0906614 0.222552
460 0.0928934 0.0105584 0.0846362 0.188088
465 0.0945362 -0.0191154 0.0686734 0.144094
470 0.0838501 -0.0267311 0.0447352 0.101854
475 0.0661322 -0.0103988 0.0151697 0.0709031
480 0.0391712 0.0254636 -0.0183164 0.0463184
485 -0.000531098 0.0636863 -0.0538018 0.00935339
490 -0.0464973 0.0803427 -0.0853581 -0.0515126
495 -0.0832507 0.0585567 -0.101989 -0.126683
500 -0.10078 -0.00138347 -0.0922808 -0.194445
505 -0.104238 -0.0841802 -0.0516326 -0.240051
510 -0.106909 -0.168893 0.0130848 -0.262718
515 -0.117826 -0.238332 0.0877542 -0.268404
520 -0.136172 -0.282264 0.160844 -0.257592
525 -0.155167 -0.295972 0.226501 -0.224638
530 -0.168139 -0.281051 0.279533 -0.169657
535 -0.170915 -0.246524 0.312617 -0.104823
540 -0.159731 -0.204568 0.317546 -0.0467527
545 -0.131012 -0.164653 0.288425 -0.0072408
550 -0.0865676 -0.130915 0.225241 0.00775812
555 -0.0346584 -0.102606 0.139988 0.00272309
560 0.0165391 -0.0758469 0.054747 -0.00456077
565 0.0628624 -0.0470192 -0.00987528 0.00596791
570 0.101925 -0.0172533 -0.0473306 0.0373409
575 0.130462 0.0105595 -0.066142 0.0748794
580 0.146932 0.0362514 -0.0814711 0.101712
585 0.154584 0.0611742 -0.103474 0.112284
590 0.155424 0.080473 -0.12953 0.106368
595 0.145854 0.0810144 -0.148572 0.0782967
600 0.12189 0.0538149 -0.153402 0.022303
605 0.0861998 0.00693057 -0.146196 -0.0530655
610 0.0450016 -0.0404198 -0.132457 -0.127875
615 0.00145038 -0.0710406 -0.113884 -0.183475
620 -0.0432831 -0.077876 -0.089763 -0.210922
625 -0.0880438 -0.0639722 -0.0613274 -0.213343
630 -0.132098 -0.0363503 -0.0344131 -0.202861
635 -0.174343 0.00152852 -0.0178203 -0.190635
640 -0.211938 0.0481439 -0.0160892 -0.179883
645 -0.238351 0.0963027 -0.0284904 -0.170539
650 -0.24482 0.133038 -0.0520322 -0.163814
655 -0.225165 0.15011 -0.0794606 -0.154516
660 -0.180051 0.150233 -0.0992479 -0.129066
665 -0.117059 0.142015 -0.104625 -0.079669
670 -0.0472535 0.131299 -0.099415 -0.0153694
675 0.0191116 0.117121 -0.0917457 0.0444868
680 0.0744382 0.0964746 -0.0824689 0.0884439
685 0.114573 0.070197 -0.0646461 0.120123
690 0.139835 0.0436779 -0.0364093 0.147104
695 0.152144 0.0222833 -0.00694634 0.167481
700 0.150895 0.00395348 0.0140174 0.168866
705 0.135274 -0.0194636 0.0272279 0.143038
710 0.110249 -0.0533855 0.0408542 0.0977182
715 0.0866261 -0.0941367 0.0594956 0.0519851
720 0.0729065 -0.129623 0.0798397 0.0231234
725 0.0704615 -0.147057 0.0975893 0.0209937
730 0.0775588 -0.144386 0.113294 0.0464672
735 0.0940677 -0.12876 0.127217 0.0925249
740 0.117437 -0.1076 0.132727 0.142564
745 0.139051 -0.0861311 0.119637 0.172557
750 0.149178 -0.0693506 0.0811238 0.160952
755 0.142159 -0.0635621 0.0167782 0.0953753
760 0.115985 -0.0721999 -0.0640748 -0.0202899
765 0.0723172 -0.0904445 -0.144952 -0.163079
770 0.0181314 -0.108043 -0.210606 -0.300518
775 -0.0362334 -0.115751 -0.249064 -0.401049
780 -0.0812022 -0.107948 -0.24955 -0.4387
785 -0.106292 -0.0821257 -0.207853 -0.396272
790 -0.10192 -0.0373445 -0.129983 -0.269248
795 -0.0698555 0.0260697 -0.0294177 -0.0732035
800 -0.0227115 0.101798 0.0763346 0.155421
805 0.0287737 0.176032 0.16893 0.373736
810 0.0798349 0.233264 0.233634 0.546732
815 0.125943 0.26229 0.264772 0.653005
820 0.159066 0.2585 0.269587 0.687153
825 0.170385 0.225017 0.261225 0.656627
830 0.1573 0.168983 0.245213 0.571496
835 0.126949 0.101009 0.217113 0.445071
840 0.0924146 0.0364566 0.17207 0.300941
845 0.0635608 -0.0115343 0.113579 0.165605
850 0.0411219 -0.037919 0.0537924 0.0569952
855 0.0199411 -0.0423529 0.00420679 -0.018205
860 -0.00540745 -0.0249154 -0.0324793 -0.0628022
865 -0.0369272 0.0145066 -0.0568341 -0.0792547
870 -0.0712194 0.0716837 -0.0659703 -0.065506
875 -0.10207 0.133657 -0.057742 -0.0261549
880 -0.123166 0.180419 -0.0369017 0.0203515
885 -0.129006 0.195263 -0.014591 0.0516661
890 -0.117853 0.175209 -0.00235616 0.0549993
895 -0.0939841 0.12842 -0.00513374 0.0293023
900 -0.0669604 0.065732 -0.0212031 -0.0224315
905 -0.0450737 -0.00252184 -0.0485685 -0.096164
910 -0.0318539 -0.065664 -0.0829465 -0.180464
915 -0.0283253 -0.114597 -0.113281 -0.256203
920 -0.0367539 -0.143261 -0.125434 -0.305449
925 -0.0575545 -0.14697 -0.106865 -0.311389
930 -0.0818621 -0.125068 -0.0530351 -0.259966
935 -0.0955559 -0.0842669 0.0242989 -0.155524
940 -0.0906502 -0.0371935 0.101781 -0.026063
945 -0.0685514 0.00318226 0.157783 0.0924144
950 -0.0376787 0.028392 0.181952 0.172666
955 -0.00874144 0.0352964 0.173782 0.200337
960 0.0102533 0.0241439 0.135756 0.170153
965 0.0133591 -0.00374814 0.0711305 0.0807415
970 -0.00776441 -0.0449587 -0.0125775 -0.0653006
975 -0.0597927 -0.0912403 -0.0988907 -0.249924
980 -0.137633 -0.127216 -0.163673 -0.428522
985 -0.224835 -0.133491 -0.187732 -0.546057
990 -0.304413 -0.100903 -0.169555 -0.574871
995 -0.364231 -0.0404754 -0.121973 -0.52668
1000 -0.392721 0.0268775 -0.0620271 -0.42787
1005 -0.37832 0.0854093 -0.00283631 -0.295747
1010 -0.317359 0.127285 0.0450906 -0.144983
1015 -0.217465 0.151708 0.0689365 0.00318019
1020 -0.0951499 0.166035 0.059859 0.130744
1025 0.0292212 0.180013 0.0226724 0.231906
1030 0.138796 0.198362 -0.0279007 0.309257
1035 0.22217 0.218332 -0.0798188 0.360684
1040 0.271917 0.232251 -0.127721 0.376447
1045 0.285526 0.23399 -0.168867 0.350649
1050 0.267815 0.224703 -0.19912 0.293398
1055 0.228021 0.208522 -0.2115 0.225043
1060 0.17334 0.186379 -0.200478 0.159241
1065 0.108782 0.154515 -0.167976 0.0953216
1070 0.0429986 0.10616 -0.122827 0.0263311
1075 -0.011304 0.0389928 -0.0761691 -0.0484803
1080 -0.0420798 -0.0402069 -0.0351206 -0.117407
1085 -0.0445696 -0.120997 -0.00310159 -0.168668
1090 -0.0251469 -0.192954 0.0158252 -0.202275
1095 0.00154964 -0.247589 0.0188301 -0.227209
1100 0.0235845 -0.282313 0.00741392 -0.251314
1105 0.0375494 -0.300914 -0.0134068 -0.276772
1110 0.0460818 -0.306824 -0.0369613 -0.297703
1115 0.0517509 -0.298186 -0.055459 -0.301894
1120 0.0549983 -0.272221 -0.0612514 -0.278474
1125 0.0566794 -0.230392 -0.0494149 -0.223127
1130 0.0602824 -0.177727 -0.0208345 -0.138279
1135 0.0710222 -0.122285 0.0185388 -0.0327236
1140 0.0911311 -0.0755713 0.0586643 0.0742241
1145 0.116188 -0.0451817 0.0891774 0.160184
1150 0.136302 -0.0280235 0.102897 0.211175
1155 0.142545 -0.0160516 0.0963378 0.222831
1160 0.133034 -0.00499847 0.0698783 0.197914
1165 0.109966 0.00345643 0.0270479 0.140471
1170 0.0749609 0.00515254 -0.0257802 0.0543332
1175 0.0311781 0.00144355 -0.0810207 -0.048399
1180 -0.0166264 0.00168722 -0.129622 -0.144562
1185 -0.0641432 0.014397 -0.15819 -0.207936
1190 -0.108794 0.0395073 -0.156477 -0.225764
1195 -0.147576 0.0676339 -0.127895 -0.207837
1200 -0.174322 0.0878742 -0.0832435 -0.169691
1205 -0.1839 0.096295 -0.0314407 -0.119046
1210 -0.177435 0.0963485 0.0206855 -0.0604014
1215 -0.159185 0.0939203 0.06612 0.0008551
1220 -0.130276 0.0921124 0.0976349 0.0594715
1225 -0.0915437 0.0882296 0.109041 0.105727
1230 -0.0499223 0.0770002 0.100013 0.127091
1235 -0.0167719 0.0583878 0.0817137 0.12333
1240 -0.00244513 0.0378798 0.0719968 0.107432
1245 -0.0101038 0.0204707 0.0838561 0.0942229
1250 -0.0352792 0.0079891 0.119871 0.0925811
1255 -0.0695206 -0.000273399 0.17201 0.102216
1260 -0.101256 -0.0066053 0.224664 0.116802
1265 -0.11996 -0.013968 0.262979 0.129051
1270 -0.121297 -0.0220139 0.276251 0.132941
1275 -0.106726 -0.0254043 0.255243 0.123113
1280 -0.0794637 -0.0212543 0.192123 0.0914048
1285 -0.0413292 -0.014281 0.0907787 0.0351685
1290 0.00685928 -0.0102539 -0.0296618 -0.0330564
1295 0.0619254 -0.00833071 -0.145903 -0.092308
1300 0.118105 -0.0028924 -0.236951 -0.121738
1305 0.170444 0.00835693 -0.284453 -0.105652
1310 0.213921 0.0227589 -0.277739 -0.0410584
1315 0.241326 0.0382096 -0.219732 0.0598028
1320 0.247194 0.0556243 -0.125856 0.176962
1325 0.231947 0.0742745 -0.0179371 0.288284
1330 0.199052 0.0882803 0.0828768 0.37021
1335 0.153236 0.0919204 0.160218 0.405374
1340 0.100167 0.0850742 0.204718 0.389959
1345 0.0441725 0.0718873 0.21612 0.33218
1350 -0.0121458 0.0572627 0.200761 0.245878
1355 -0.0640556 0.0427447 0.168328 0.147017
1360 -0.103817 0.0277189 0.127722 0.0516238
1365 -0.123053 0.0116335 0.0826943 -0.0287252
1370 -0.115174 -0.00727813 0.0334673 -0.0889846
1375 -0.0804939 -0.0335473 -0.0146995 -0.128741
1380 -0.0327089 -0.0730964 -0.0491185 -0.154924
1385 0.0047693 -0.128019 -0.059315 -0.182565
1390 0.0156567 -0.189744 -0.0449922 -0.21908
1395 0.00298368 -0.241332 -0.0160365 -0.254385
1400 -0.0159267 -0.268237 0.0131523 -0.271011
1405 -0.0268464 -0.267537 0.0305936 -0.263789
1410 -0.027625 -0.243504 0.0321502 -0.238979
1415 -0.0208994 -0.199294 0.0233986 -0.196795
1420 -0.00633422 -0.139695 0.0156191 -0.13041
1425 0.0168569 -0.0750758 0.0216932 -0.0365258
1430 0.0442896 -0.0179153 0.04922 0.0755944
1435 0.0684708 0.0259612 0.0955092 0.189941
1440 0.0812443 0.0597893 0.151335 0.292369
1445 0.0738199 0.0873159 0.204953 0.366089
1450 0.0405513 0.105795 0.244646 0.390992
1455 -0.0133121 0.10775 0.260723 0.35516
1460 -0.0718703 0.0876971 0.246165 0.261992
1465 -0.116321 0.0494151 0.201313 0.134407
1470 -0.131088 0.00419433 0.134018 0.00712445
1475 -0.112129 -0.0389363 0.0533631 -0.0977021
1480 -0.0697337 -0.076406 -0.0336691 -0.179809
1485 -0.0197657 -0.105677 -0.120789 -0.246231
1490 0.0256202 -0.122875 -0.196398 -0.293653
1495 0.0590891 -0.127005 -0.2449 -0.312816
1500 0.0775772 -0.12309 -0.259831 -0.305344
1505 0.0812993 -0.114777 -0.24675 -0.280228
1510 0.0725834 -0.0988407 -0.214018 -0.240275
1515 0.0541996 -0.07099 -0.168213 -0.185003
1520 0.0283326 -0.0303821 -0.116685 -0.118735
1525 -0.00278747 0.0201358 -0.0683387 -0.0509904
1530 -0.0380703 0.0724468 -0.0319661 0.00241046
1535 -0.0764901 0.114825 -0.0133287 0.025006
1540 -0.114525 0.140169 -0.0090998 0.0165445
1545 -0.145838 0.151051 -0.00898527 -0.00377259
1550 -0.159779 0.153596 -0.00711096 -0.0132935
1555 -0.143294 0.1524 -0.00473363 0.00437321
1560 -0.0911516 0.153134 -0.00208776 0.0598947
1565 -0.0153377 0.160236 0.00483875 0.149737
1570 0.062261 0.169323 0.0199055 0.25149
1575 0.124631 0.168849 0.0452499 0.338729
1580 0.16681 0.150139 0.0824152 0.399365
1585 0.192273 0.113518 0.133049 0.438839
1590 0.205712 0.0659525 0.19372 0.465384
1595 0.210793 0.0154532 0.250253 0.476499
1600 0.208253 -0.0323829 0.280577 0.456447
1605 0.195123 -0.0736795 0.268448 0.389892
1610 0.170783 -0.10237 0.215653 0.284066
1615 0.140842 -0.110859 0.138836 0.168819
1620 0.110107 -0.0947734 0.0577988 0.0731325
1625 0.0761238 -0.0598672 -0.0169247 -0.00066811
1630 0.036025 -0.0198913 -0.0840544 -0.0679207
1635 -0.00698967 0.0177142 -0.139103 -0.128379
1640 -0.045139 0.0546661 -0.174724 -0.165197
1645 -0.0683995 0.0922667 -0.189656 -0.165789
1650 -0.0713881 0.124973 -0.188894 -0.13531
1655 -0.0596864 0.144991 -0.174341 -0.0890359
1660 -0.0475977 0.149839 -0.139835 -0.0375928
1665 -0.0478608 0.142659 -0.0770792 0.0177191
1670 -0.0640372 0.128753 0.0118213 0.0765369
1675 -0.0942733 0.112216 0.109672 0.127614
1680 -0.133938 0.0928902 0.193274 0.152227
1685 -0.173844 0.0681542 0.244715 0.139026
1690 -0.200894 0.0367343 0.25514 0.0909805
1695 -0.202934 -0.000275633 0.22467 0.0214611
1700 -0.174407 -0.0402553 0.162712 -0.05195
1705 -0.115866 -0.0802681 0.0863888 -0.109746
1710 -0.0343253 -0.120812 0.0170248 -0.138113
1715 0.0576689 -0.166949 -0.0290037 -0.138284
1720 0.147855 -0.222473 -0.0496075 -0.124226
1725 0.226755 -0.282537 -0.0523081 -0.10809
1730 0.285601 -0.335039 -0.043014 -0.0924524
1735 0.317393 -0.368504 -0.0232124 -0.0743233
1740 0.320947 -0.37784 0.00457469 -0.0523184
1745 0.302072 -0.362495 0.0325981 -0.0278241
1750 0.267059 -0.322283 0.0514103 -0.00381416
1755 0.214167 -0.256706 0.0530302 0.0104911
1760 0.13655 -0.170038 0.0308787 -0.00260916
1765 0.0366398 -0.0754181 -0.0197169 -0.0584952
1770 -0.0671304 0.0105054 -0.0999545 -0.15658
1775 -0.151503 0.0769985 -0.204427 -0.278932
1780 -0.203737 0.122825 -0.314465 -0.395377
1785 -0.222307 0.151584 -0.400534 -0.471257
1790 -0.209959 0.166982 -0.440188 -0.483165
1795 -0.170452 0.175141 -0.42595 -0.421261
1800 -0.109756 0.18581 -0.359995 -0.283942
1805 -0.040988 0.207638 -0.252742 -0.0860919
1810 0.0157715 0.239688 -0.123533 0.131927
1815 0.0419414 0.268738 0.00260111 0.313281
1820 0.0304735 0.279937 0.101955 0.412366
1825 -0.0136698 0.267207 0.161829 0.415366
1830 -0.0810964 0.23413 0.184063 0.337097
1835 -0.159415 0.188918 0.17929 0.208794
1840 -0.230466 0.136549 0.157262 0.0633444
1845 -0.275335 0.0801524 0.123195 -0.0719869
1850 -0.282548 0.0240558 0.0816002 -0.176892
1855 -0.252408 -0.0273216 0.0388785 -0.240851
1860 -0.194703 -0.0698104 0.00375309 -0.26076
1865 -0.121378 -0.0978757 -0.0177586 -0.237012
1870 -0.0396466 -0.104789 -0.0278595 -0.172295
1875 0.046145 -0.0875983 -0.0304504 -0.0719037
1880 0.126277 -0.0504871 -0.0233139 0.0524764
1885 0.185076 -0.00202667 -0.00318361 0.179865
1890 0.209473 0.0478839 0.0266273 0.283985
1895 0.198379 0.0890039 0.0566652 0.344048
1900 0.162957 0.114138 0.076054 0.353149
1905 0.116454 0.122856 0.0749583 0.314268
1910 0.0653716 0.119926 0.047191 0.232489
1915 0.0122029 0.110962 -0.0039673 0.119198
1920 -0.0385632 0.102633 -0.0648259 -0.00075646
1925 -0.0799896 0.102772 -0.115859 -0.0930773
1930 -0.105903 0.114211 -0.141456 -0.133148
1935 -0.113514 0.134358 -0.138937 -0.118093
1940 -0.10329 0.158321 -0.117908 -0.0628771
1945 -0.078245 0.179845 -0.0915 0.0101004
1950 -0.0434114 0.189848 -0.067335 0.0791017
1955 -0.00598166 0.178225 -0.0492469 0.122997
1960 0.0262531 0.140934 -0.040963 0.126224
1965 0.0498168 0.0847779 -0.0413814 0.0932132
1970 0.0672447 0.0243843 -0.0439358 0.0476933
1975 0.0814599 -0.0265703 -0.0421046 0.012785
1980 0.0889042 -0.0639575 -0.0326956 -0.00774884
1985 0.0807742 -0.0945585 -0.0178297 -0.031614
1990 0.0508112 -0.125909 -0.00140145 -0.0764989
1995 0.000599043 -0.156056 0.0141284 -0.141328
2000 -0.0595979 -0.174471 0.0277019 -0.206367
2005 -0.115342 -0.170938 0.0400842 -0.246195
2010 -0.156513 -0.145462 0.0542713 -0.247704
2015 -0.179375 -0.108962 0.0726715 -0.215666
2020 -0.182509 -0.0737551 0.0944119 -0.161852
2025 -0.166349 -0.0459042 0.112931 -0.0993223
2030 -0.135532 -0.027709 0.116739 -0.0465019
2035 -0.0945671 -0.0221225 0.0957895 -0.0209001
2040 -0.0451034 -0.030211 0.0492711 -0.0260433
2045 0.0103889 -0.0484023 -0.0140203 -0.0520336
2050 0.0641286 -0.0714357 -0.0819287 -0.0892357
2055 0.10455 -0.094901 -0.144519 -0.13487
2060 0.122295 -0.110081 -0.192514 -0.180299
2065 0.115929 -0.102643 -0.216545 -0.203258
2070 0.093161 -0.0678945 -0.212323 -0.187056
2075 0.0663412 -0.0177265 -0.18299 -0.134375
2080 0.0461518 0.0323796 -0.13767 -0.059139
2085 0.0357633 0.0718601 -0.0917578 0.0158657
2090 0.028608 0.0896473 -0.0595078 0.0587474
2095 0.0157276 0.0724903 -0.0413916 0.0468263
2100 -0.00276074 0.0153964 -0.0276737 -0.0150381
2105 -0.0185286 -0.0701824 -0.0141014 -0.102812
2110 -0.0245083 -0.157998 -0.00500086 -0.187508
2115 -0.0190908 -0.219944 -0.00670107 -0.245736
2120 -0.00364517 -0.242179 -0.0222911 -0.268115
2125 0.0224543 -0.230589 -0.0492008 -0.257336
2130 0.0595537 -0.199253 -0.080624 -0.220324
2135 0.101926 -0.154811 -0.110343 -0.163227
2140 0.14022 -0.0971834 -0.133702 -0.0906647
2145 0.165012 -0.031329 -0.146537 -0.012854
2150 0.165683 0.0291926 -0.145757 0.0491183
2155 0.13577 0.0697581 -0.131688 0.0738393
2160 0.0813552 0.0877031 -0.108671 0.0603873
2165 0.0165233 0.0905403 -0.0818163 0.0252473
2170 -0.0478114 0.0842129 -0.0541334 -0.0177319
2175 -0.1061 0.0687844 -0.0240609 -0.0613762
2180 -0.154427 0.0405556 0.0139976 -0.0998733
2185 -0.188707 0.00121831 0.0618305 -0.125659
2190 -0.205155 -0.0366328 0.113978 -0.12781
2195 -0.199944 -0.057813 0.161773 -0.0959839
2200 -0.171354 -0.0579318 0.199482 -0.0298029
2205 -0.12205 -0.0467089 0.225795 0.0570357
2210 -0.0579837 -0.0348703 0.240521 0.147667
2215 0.0154469 -0.024417 0.245158 0.236188
2220 0.0951893 -0.0132599 0.241559 0.323489
2225 0.178609 -0.00236865 0.229549 0.405789
2230 0.260327 0.00426587 0.208075 0.472667
2235 0.33297 0.00491878 0.179143 0.517032
2240 0.387559 0.00287482 0.150373 0.540807
2245 0.41396 0.00315726 0.128899 0.546016
2250 0.403642 0.00681374 0.11429 0.524746
2255 0.353149 0.0132643 0.099439 0.465853
2260 0.266507 0.0248801 0.0771717 0.368559
2265 0.154503 0.0442432 0.0465945 0.245341
2270 0.0335799 0.0695769 0.0147935 0.11795
2275 -0.0781775 0.0977208 -0.0119607 0.00758261
2280 -0.168042 0.126563 -0.035603 -0.0770816
2285 -0.231522 0.150908 -0.0610789 -0.141693
2290 -0.269524 0.161593 -0.0867425 -0.194674
2295 -0.283088 0.151172 -0.101962 -0.233878
2300 -0.272155 0.117543 -0.0939312 -0.248544
2305 -0.239591 0.0635277 -0.0590725 -0.235136
2310 -0.19492 -0.00350874 -0.00629254 -0.204721
2315 -0.153149 -0.0719805 0.0525398 -0.172589
2320 -0.12595 -0.127422 0.110937 -0.142435
2325 -0.114642 -0.158093 0.164882 -0.107853
2330 -0.112407 -0.161855 0.206376 -0.0678864
2335 -0.109436 -0.148592 0.221686 -0.0363418
2340 -0.0974992 -0.132154 0.198743 -0.0309107
2345 -0.0718092 -0.118316 0.139638 -0.0504873
2350 -0.0314408 -0.103657 0.0622283 -0.0728691
2355 0.0205729 -0.0831623 -0.0142991 -0.0768885
2360 0.0770054 -0.0529989 -0.0800064 -0.0559999
2365 0.128236 -0.00930748 -0.13068 -0.011752
2370 0.167866 0.0462982 -0.161981 0.052183
2375 0.194069 0.102322 -0.167606 0.128786
2380 0.207416 0.145367 -0.141769 0.211014
2385 0.207823 0.169933 -0.0873507 0.290405
2390 0.192826 0.176513 -0.0184591 0.35088
2395 0.163128 0.167054 0.0497685 0.379951
2400 0.127689 0.142872 0.107152 0.377712
2405 0.0976219 0.103125 0.145376 0.346123
2410 0.0767748 0.0487313 0.159471 0.284977
2415 0.0604992 -0.0141464 0.152509 0.198861
2420 0.0443801 -0.0752057 0.132036 0.10121
2425 0.030432 -0.122664 0.103942 0.0117097
2430 0.0229521 -0.149248 0.0701015 -0.0561946
2435 0.0196757 -0.153302 0.02868 -0.104946
2440 0.00962816 -0.136066 -0.0221273 -0.148565
2445 -0.0178777 -0.101386 -0.0790972 -0.19836
2450 -0.0626201 -0.0550486 -0.134552 -0.25222
2455 -0.114378 -0.00180311 -0.179174 -0.295355
2460 -0.163326 0.0540216 -0.202193 -0.311497
2465 -0.206795 0.103205 -0.196437 -0.300026
2470 -0.244609 0.13217 -0.162915 -0.275354
2475 -0.268606 0.132576 -0.108115 -0.244145
2480 -0.263278 0.104875 -0.0416797 -0.200083
2485 -0.216842 0.0548966 0.0260374 -0.135908
2490 -0.131113 -0.00745371 0.084833 -0.053734
2495 -0.0233081 -0.0670108 0.123358 0.033039
2500 0.0844387 -0.107215 0.130146 0.10737
2505 0.176809 -0.116194 0.0971566 0.157771
2510 0.249012 -0.0902021 0.0276252 0.186435
2515 0.299881 -0.0338551 -0.0598547 0.206171
2520 0.323847 0.0394543 -0.141098 0.222203
2525 0.312376 0.11338 -0.201271 0.224485
2530 0.262832 0.175458 -0.237332 0.200957
2535 0.184114 0.217009 -0.249999 0.151124
2540 0.0912625 0.231319 -0.237467 0.0851141
2545 -0.00389488 0.214542 -0.200632 0.0100148
2550 -0.0954113 0.168886 -0.150928 -0.077453
2555 -0.174982 0.104946 -0.107451 -0.177487
2560 -0.230176 0.0407556 -0.0831737 -0.272594
2565 -0.255473 -0.00645177 -0.0755306 -0.337455
2570 -0.259626 -0.029754 -0.0726566 -0.362036
2575 -0.257991 -0.030674 -0.0687003 -0.357365
2580 -0.260575 -0.0133057 -0.0648705 -0.338751
2585 -0.269503 0.0156443 -0.0596971 -0.313556
2590 -0.281071 0.0463951 -0.046481 -0.281157
2595 -0.287894 0.0692306 -0.0182313 -0.236895
2600 -0.282382 0.0760798 0.0256768 -0.180625
2605 -0.260246 0.0627048 0.0773168 -0.120225
2610 -0.220382 0.031608 0.122856 -0.0659176
2615 -0.164729 -0.00916381 0.151709 -0.0221832
2620 -0.0964476 -0.0511004 0.163453 0.0159055
2625 -0.0165942 -0.0884251 0.164258 0.0592392
2630 0.0715438 -0.115573 0.158405 0.114375
2635 0.152558 -0.12509 0.144901 0.172369
2640 0.20312 -0.111328 0.122207 0.213999
2645 0.208532 -0.0764789 0.0920618 0.224115
2650 0.174448 -0.0319304 0.0605848 0.203102
2655 0.121842 0.00715293 0.0345073 0.163502
2660 0.0724425 0.029427 0.0179137 0.119783
2665 0.0378315 0.0304637 0.0123514 0.0806466
2670 0.0209107 0.0145082 0.0165487 0.0519677
2675 0.0205406 -0.00914746 0.0261259 0.037519
2680 0.0333664 -0.0320338 0.0365021 0.0378347
2685 0.0575695 -0.0465575 0.0442383 0.0552503
2690 0.0930074 -0.0438231 0.0449352 0.0941194
2695 0.134147 -0.0169515 0.0320597 0.149255
2700 0.167193 0.0306336 0.00191577 0.199743
2705 0.178429 0.0827202 -0.0394868 0.221662
2710 0.164323 0.12168 -0.0791538 0.206849
2715 0.132192 0.139981 -0.103731 0.168442
2720 0.0928791 0.136244 -0.102713 0.12641
2725 0.0531959 0.10789 -0.072482 0.0886035
2730 0.0146361 0.0547768 -0.0181871 0.0512258
2735 -0.0219154 -0.0131888 0.0489792 0.013875
2740 -0.051928 -0.076502 0.116279 -0.0121509
2745 -0.0680097 -0.114562 0.170971 -0.0116003
2750 -0.0657864 -0.118582 0.201321 0.0169529
2755 -0.0483408 -0.0950482 0.200828 0.0574388
2760 -0.0244301 -0.0581122 0.168586 0.0860435
2765 -0.00569538 -0.0215906 0.107721 0.0804346
2770 -0.00282909 0.00700545 0.0265812 0.0307575
2775 -0.0205322 0.0272952 -0.0603575 -0.0535946
2780 -0.0554114 0.0415896 -0.134543 -0.148365
2785 -0.0982194 0.0506506 -0.178672 -0.226241
2790 -0.138554 0.0531189 -0.183859 -0.269294
2795 -0.170292 0.0507043 -0.151544 -0.271132
2800 -0.191753 0.0502324 -0.0918361 -0.233357
2805 -0.200332 0.0554016 -0.019125 -0.164056
2810 -0.192053 0.0587812 0.0538292 -0.0794428
2815 -0.166513 0.0471836 0.11713 -0.00219995
2820 -0.128279 0.0146733 0.159869 0.0462638
2825 -0.0833211 -0.0349447 0.172753 0.0544871
2830 -0.0374903 -0.0940323 0.157037 0.0255149
2835 0.00414741 -0.154658 0.125621 -0.0248888
2840 0.0401378 -0.208205 0.0930525 -0.0750145
2845 0.0726366 -0.245918 0.0646169 -0.108665
2850 0.102928 -0.261113 0.0377639 -0.120421
2855 0.129218 -0.250767 0.0118083 -0.109741
2860 0.147411 -0.217609 -0.00962207 -0.0798197
2865 0.154399 -0.169356 -0.023526 -0.0384836
2870 0.149768 -0.115164 -0.0312139 0.00338938
2875 0.137085 -0.0610696 -0.0363503 0.0396651
2880 0.121978 -0.00919192 -0.0421113 0.070675
2885 0.10841 0.0383348 -0.0492398 0.0975048
2890 0.0957041 0.0780048 -0.0562393 0.11747
2895 0.0808453 0.107149 -0.062834 0.125161
2900 0.0611333 0.124644 -0.0704613 0.115316
2905 0.0350428 0.12985 -0.0778256 0.0870667
2910 0.0058141 0.12109 -0.0826946 0.0442096
2915 -0.0168353 0.0993182 -0.0868501 -0.0043672
2920 -0.0237608 0.0719142 -0.0932114 -0.045058
2925 -0.0165914 0.0537815 -0.0980357 -0.0608455
2930 -0.00821593 0.063362 -0.0941298 -0.0389837
2935 -0.0125771 0.10757 -0.0826739 0.0123189
2940 -0.0325956 0.172031 -0.073277 0.0661589
2945 -0.0580424 0.232594 -0.0729741 0.101577
2950 -0.0776898 0.271522 -0.0815433 0.112289
2955 -0.0886453 0.278382 -0.0943278 0.0954092
2960 -0.092321 0.247739 -0.106357 0.0490611
2965 -0.084817 0.184355 -0.114696 -0.0151571
2970 -0.0581611 0.102889 -0.119143 -0.0744156
2975 -0.00940818 0.0213974 -0.120407 -0.108418
2980 0.0564813 -0.045456 -0.117818 -0.106792
2985 0.128106 -0.0947791 -0.113465 -0.0801376
2990 0.190634 -0.133825 -0.113066 -0.056257
2995 0.233595 -0.169923 -0.119857 -0.0561856
3000 0.257259 -0.204571 -0.133432 -0.0807431
3005 0.266284 -0.234229 -0.147635 -0.11558
3010 0.258909 -0.254058 -0.149746 -0.144895
3015 0.228043 -0.261788 -0.129116 -0.162861
3020 0.174658 -0.257436 -0.0887533 -0.171531
3025 0.111407 -0.237519 -0.0390705 -0.165182
3030 0.0493356 -0.198675 0.017358 -0.131981
3035 -0.00958366 -0.145389 0.0831733 -0.0717993
3040 -0.06816 -0.0857056 0.153595 -0.000270286
3045 -0.129464 -0.0243851 0.213202 0.0593524
3050 -0.191722 0.0363305 0.247989 0.0925975
3055 -0.248515 0.0889686 0.256185 0.0966387
3060 -0.295033 0.118144 0.24435 0.0674618
3065 -0.330109 0.111812 0.221747 0.00345074
3070 -0.350072 0.073997 0.195616 -0.0804595
3075 -0.344636 0.0236691 0.171341 -0.149626
3080 -0.301233 -0.0183168 0.153517 -0.166034
3085 -0.215388 -0.0421352 0.14454 -0.112983
3090 -0.0981448 -0.0518569 0.142928 -0.00707394
3095 0.0260291 -0.0550927 0.14155 0.112486
3100 0.132748 -0.05276 0.129984 0.209973
3105 0.207995 -0.0410192 0.101589 0.268565
3110 0.244537 -0.0197011 0.0592034 0.284039
3115 0.239658 0.0016131 0.0136773 0.254948
3120 0.198195 0.00850816 -0.0207382 0.185965
3125 0.133922 -0.00637541 -0.0346078 0.0929392
3130 0.065376 -0.0355322 -0.0294741 0.000369715
3135 0.00922921 -0.062262 -0.0127716 -0.0658044
3140 -0.0230296 -0.076039 0.00987662 -0.0891921
3145 -0.0242531 -0.0790518 0.0335253 -0.0697796
3150 0.00565984 -0.0750827 0.0535143 -0.0159086
3155 0.0587871 -0.0606482 0.0679611 0.0661
3160 0.122089 -0.0299972 0.0739067 0.165998
3165 0.179848 0.0168343 0.0646347 0.261317
3170 0.21736 0.0675527 0.0374876 0.3224
3175 0.224933 0.102022 -0.00189433 0.32506
3180 0.198489 0.108103 -0.0439237 0.262669
3185 0.137248 0.0921649 -0.0785729 0.15084
3190 0.0465287 0.0690604 -0.0981242 0.0174649
3195 -0.0562764 0.0463734 -0.0993598 -0.109263
3200 -0.149116 0.0230402 -0.0843189 -0.210394
3205 -0.219743 -0.0013559 -0.05878 -0.279878
3210 -0.268523 -0.0221555 -0.0271003 -0.317779
3215 -0.299395 -0.0364561 0.00840501 -0.327446
3220 -0.313429 -0.0478971 0.0438564 -0.31747
3225 -0.310659 -0.0615567 0.0721197 -0.300096
3230 -0.293397 -0.0778998 0.0835242 -0.287773
3235 -0.266082 -0.0909228 0.0692465 -0.287759
3240 -0.234269 -0.0905319 0.0280395 -0.296761
3245 -0.200835 -0.0696367 -0.0301005 -0.300572
3250 -0.165175 -0.0313378 -0.0902178 -0.28673
3255 -0.126412 0.0111928 -0.13984 -0.255059
3260 -0.0849354 0.0443168 -0.170466 -0.211085
3265 -0.0426039 0.0634115 -0.177156 -0.156349
3270 -0.000928418 0.0723502 -0.15919 -0.0877684
3275 0.0420973 0.0765389 -0.120783 -0.00214652
3280 0.0909463 0.077671 -0.0708756 0.0977417
3285 0.14552 0.0732188 -0.021824 0.196915
3290 0.197986 0.0596729 0.0144466 0.272106
3295 0.238007 0.0377468 0.0320106 0.307764
3300 0.262369 0.0136332 0.0365565 0.312558
3305 0.276743 -0.00680822 0.0424548 0.312389
3310 0.287037 -0.0248534 0.0604255 0.322609
3315 0.289508 -0.0456031 0.0909941 0.334899
3320 0.271762 -0.0684066 0.128064 0.33142
3325 0.223938 -0.0841714 0.166805 0.306572
3330 0.147891 -0.0816019 0.204564 0.270853
3335 0.05391 -0.0564334 0.234968 0.232444
3340 -0.0466147 -0.0154873 0.244809 0.182707
3345 -0.143121 0.0272331 0.221342 0.105455
3350 -0.225808 0.0616343 0.161477 -0.00269719
3355 -0.284006 0.0880553 0.0726427 -0.123308
3360 -0.308635 0.112563 -0.0334479 -0.22952
3365 -0.296763 0.13549 -0.145292 -0.306564
3370 -0.251987 0.14856 -0.247011 -0.350438
3375 -0.181079 0.144335 -0.317531 -0.354275
3380 -0.093854 0.123778 -0.343225 -0.313301
3385 -0.00389606 0.0971632 -0.326386 -0.233119
3390 0.0726209 0.074568 -0.279858 -0.132669
3395 0.121798 0.0538606 -0.216992 -0.0413333
3400 0.136825 0.0263027 -0.145961 0.0171666
3405 0.118964 -0.00833061 -0.0731597 0.0374738
3410 0.0746078 -0.0396549 -0.011617 0.0233359
3415 0.0132375 -0.057524 0.0229518 -0.0213347
3420 -0.0545898 -0.0621993 0.0271435 -0.0896456
3425 -0.11729 -0.0634144 0.0116562 -0.169048
3430 -0.160689 -0.0674473 -0.00941879 -0.237555
3435 -0.171844 -0.0697057 -0.0272326 -0.268783
3440 -0.148115 -0.0607498 -0.0392872 -0.248152
3445 -0.099143 -0.0362755 -0.0424472 -0.177866
3450 -0.03903 -0.0026891 -0.0313082 -0.0730272
3455 0.0191541 0.0273644 -0.00552408 0.0409943
3460 0.0670386 0.045297 0.0252242 0.13756
3465 0.10208 0.0503137 0.0440436 0.196438
3470 0.124891 0.0455977 0.0360101 0.206499
3475 0.136101 0.0341217 -0.00146917 0.168754
3480 0.133714 0.0177311 -0.0587662 0.0926791
3485 0.114439 0.000322147 -0.120793 -0.00603142
3490 0.078364 -0.0113199 -0.172986 -0.105942
3495 0.031579 -0.00920617 -0.204628 -0.182255
3500 -0.015429 0.0126213 -0.209773 -0.212581
3505 -0.051135 0.0505067 -0.186644 -0.187272
3510 -0.0674149 0.0906601 -0.137578 -0.114333
3515 -0.062282 0.119353 -0.0711702 -0.0140989
3520 -0.0397504 0.130279 -0.00269017 0.0878383
3525 -0.00617675 0.12223 0.0517224 0.167776
3530 0.0315393 0.0953434 0.0857771 0.21266
3535 0.0646135 0.0512808 0.104856 0.220751
3540 0.0832429 -0.00777212 0.113037 0.188508
3545 0.0800892 -0.0789957 0.107261 0.108354
3550 0.054217 -0.156906 0.0858706 -0.0168181
3555 0.0134953 -0.230238 0.0553564 -0.161387
3560 -0.0289972 -0.279111 0.0260406 -0.282067
3565 -0.0638825 -0.283417 0.00674785 -0.340551
3570 -0.0871698 -0.239196 0.00127809 -0.325088
3575 -0.0954249 -0.158154 0.00723517 -0.246344
3580 -0.0837283 -0.0551233 0.0197612 -0.11909
3585 -0.0464011 0.0568895 0.0351269 0.0456154
3590 0.0195742 0.164591 0.0502556 0.234421
3595 0.106793 0.255608 0.0599758 0.422376
3600 0.197975 0.320844 0.0570743 0.575894
3605 0.274692 0.355602 0.0373179 0.667612
3610 0.322175 0.361727 0.00142082 0.685323
3615 0.330123 0.346454 -0.0437838 0.632792
3620 0.295843 0.315584 -0.0860836 0.525343
3625 0.226774 0.269676 -0.113425 0.383026
3630 0.141381 0.206398 -0.117531 0.230249
3635 0.0621199 0.126156 -0.0959995 0.0922765
3640 0.00423451 0.0375324 -0.0547141 -0.0129472
3645 -0.0265021 -0.0430237 -0.00388099 -0.0734068
3650 -0.0311749 -0.103307 0.0475631 -0.0869192
3655 -0.0181441 -0.14469 0.0927732 -0.0700611
3660 -0.000655195 -0.178305 0.128053 -0.0509073
3665 0.0108643 -0.211158 0.152462 -0.0478313
3670 0.0154758 -0.238714 0.165878 -0.0573604
3675 0.0166414 -0.251435 0.173202 -0.0615923
3680 0.0158063 -0.247007 0.179764 -0.0514365
3685 0.0137193 -0.231661 0.186056 -0.0318854
3690 0.0112555 -0.211383 0.18844 -0.0116877
3695 0.00925264 -0.188287 0.181121 0.00208643
3700 0.00655992 -0.163155 0.15941 0.00281565
3705 -0.00338545 -0.138071 0.124142 -0.017314
3710 -0.0291648 -0.116272 0.0813068 -0.0641305
3715 -0.0718624 -0.100487 0.0342866 -0.138063
3720 -0.119042 -0.091343 -0.0173179 -0.227703
3725 -0.152432 -0.0856453 -0.0711336 -0.309211
3730 -0.161107 -0.076019 -0.118871 -0.355996
3735 -0.144857 -0.057017 -0.154293 -0.356167
3740 -0.111244 -0.0315376 -0.179174 -0.321957
3745 -0.071398 -0.00642625 -0.194855 -0.272679
3750 -0.0340247 0.0140886 -0.194689 -0.214625
3755 -0.00454436 0.0294666 -0.170179 -0.145257
3760 0.0128019 0.0432823 -0.120522 -0.0644381
3765 0.0167702 0.061446 -0.0523091 0.025907
3770 0.0101571 0.0882931 0.0223806 0.120831
3775 -0.00154946 0.122253 0.0872616 0.207965
3780 -0.0123563 0.15405 0.13012 0.271813
3785 -0.0196409 0.173327 0.152558 0.306244
3790 -0.0251122 0.176312 0.165433 0.316633
3795 -0.0314266 0.168231 0.175791 0.312596
3800 -0.0405306 0.157672 0.184289 0.30143
3805 -0.0529325 0.145157 0.190331 0.282555
3810 -0.0675685 0.12402 0.196105 0.252557
3815 -0.0813903 0.0920388 0.206583 0.217231
3820 -0.0904699 0.0540697 0.22424 0.18784
3825 -0.0898598 0.0169586 0.244075 0.171174
3830 -0.0743721 -0.0169411 0.254333 0.16302
3835 -0.0437961 -0.0517084 0.240588 0.145083
3840 -0.00294175 -0.0910349 0.192699 0.0987228
3845 0.0436304 -0.131671 0.111677 0.0236362
3850 0.09398 -0.166331 0.00709183 -0.0652593
3855 0.145849 -0.189368 -0.106271 -0.149789
3860 0.192593 -0.19999 -0.211729 -0.219125
3865 0.226184 -0.202532 -0.295794 -0.272142
3870 0.242964 -0.202369 -0.346171 -0.305576
3875 0.242822 -0.200188 -0.351511 -0.308877
3880 0.2234 -0.192632 -0.305964 -0.275195
3885 0.181611 -0.178915 -0.215679 -0.212983
3890 0.121265 -0.163506 -0.100593 -0.142835
3895 0.0545852 -0.149871 0.0139331 -0.0813531
3900 -0.0038371 -0.136423 0.106561 -0.0336991
3905 -0.0449697 -0.118825 0.161903 -0.00189117
3910 -0.0669148 -0.0912863 0.169895 0.0116933
3915 -0.0690138 -0.0509275 0.130064 0.0101227
3920 -0.0505689 0.000206916 0.0547623 0.00440027
3925 -0.0165963 0.0593346 -0.0346833 0.00805495
3930 0.0201175 0.125312 -0.117469 0.0279605
3935 0.044899 0.194181 -0.183091 0.055989
3940 0.0497523 0.25339 -0.228661 0.0744816
3945 0.0365809 0.283789 -0.248705 0.0716647
3950 0.0140585 0.272267 -0.235723 0.0506021
3955 -0.00810933 0.218371 -0.190444 0.019817
3960 -0.0239789 0.131105 -0.126612 -0.019486
3965 -0.028588 0.0267186 -0.0620425 -0.0639118
3970 -0.017096 -0.0731023 -0.00812944 -0.0983278
3975 0.0108746 -0.148132 0.0308044 -0.106453
3980 0.0487772 -0.186407 0.0554425 -0.0821878
3985 0.0845423 -0.183967 0.0686452 -0.0307799
3990 0.106054 -0.142405 0.0730544 0.0367037
3995 0.105756 -0.0695582 0.069776 0.105974
4000 0.0836058 0.0190419 0.0571274 0.159775
4005 0.0457098 0.10458 0.0319802 0.18227
4010 -7.30376e-05 0.173238 -0.00445755 0.168708
4015 -0.0515045 0.218046 -0.0444944 0.122047
4020 -0.112319 0.237109 -0.0773114 0.0474779
4025 -0.182947 0.231924 -0.0948433 -0.0458655
4030 -0.251832 0.204633 -0.0963288 -0.143528
4035 -0.300155 0.157268 -0.084888 -0.227775
4040 -0.316 0.0949247 -0.0609661 -0.282042
4045 -0.300176 0.0268343 -0.026197 -0.299539
4050 -0.259132 -0.0355451 0.00784769 -0.286829
4055 -0.196082 -0.0837219 0.0267939 -0.25301
4060 -0.113438 -0.116837 0.026521 -0.203755
4065 -0.0227809 -0.138033 0.010606 -0.150208
4070 0.0563331 -0.147696 -0.0151815 -0.106545
4075 0.109406 -0.142077 -0.044317 -0.0769887
4080 0.139006 -0.120351 -0.0675148 -0.0488602
4085 0.160599 -0.089379 -0.0738348 -0.0026144
4090 0.184552 -0.0575335 -0.0593175 0.0677013
4095 0.206875 -0.0263293 -0.0304637 0.150082
4100 0.216783 0.00558778 0.0027901 0.22516
4105 0.209646 0.0358729 0.034453 0.279972
4110 0.191825 0.0586526 0.0652448 0.315723
4115 0.174431 0.0698117 0.0974813 0.341724
4120 0.163418 0.0731818 0.126148 0.362748
4125 0.158538 0.0802135 0.139189 0.37794
4130 0.157856 0.101658 0.129034 0.388548
4135 0.159193 0.137225 0.0991062 0.395524
4140 0.156967 0.17548 0.0595481 0.391996
4145 0.140772 0.203348 0.0175055 0.361626
4150 0.101549 0.213303 -0.0255402 0.289312
4155 0.040694 0.203466 -0.0663256 0.177835
4160 -0.0304335 0.175976 -0.0975597 0.047983
4165 -0.0980054 0.136393 -0.114901 -0.0765134
4170 -0.150276 0.0908095 -0.122348 -0.181815
4175 -0.180943 0.0448607 -0.125117 -0.261199
4180 -0.192244 0.00413356 -0.122435 -0.310545
4185 -0.19192 -0.0283237 -0.111513 -0.331757
4190 -0.185784 -0.0550273 -0.0937396 -0.334551
4195 -0.174435 -0.0789002 -0.0747383 -0.328074
4200 -0.157451 -0.0985896 -0.0586398 -0.31468
4205 -0.138188 -0.111407 -0.046219 -0.295814
4210 -0.121202 -0.116782 -0.0426409 -0.280626
4215 -0.108011 -0.115879 -0.0591783 -0.283068
4220 -0.0968148 -0.107991 -0.0995115 -0.304317
4225 -0.0864194 -0.0879236 -0.153966 -0.328309
4230 -0.0800182 -0.0515186 -0.205504 -0.33704
4235 -0.0824348 -0.00425301 -0.23817 -0.324858
4240 -0.0934146 0.0383398 -0.241617 -0.296692
4245 -0.105938 0.0612222 -0.212439 -0.257155
4250 -0.111549 0.0567587 -0.153518 -0.208308
4255 -0.104734 0.0241011 -0.0689532 -0.149586
4260 -0.0824515 -0.0309958 0.0304614 -0.0829859
4265 -0.0449698 -0.0979102 0.119381 -0.0234988
4270 -0.00097789 -0.162191 0.174657 0.0114888
4275 0.0378192 -0.21052 0.189574 0.0168729
4280 0.0681928 -0.236307 0.167502 -0.000612327
4285 0.0963489 -0.239218 0.113121 -0.0297479
4290 0.126463 -0.223959 0.0331963 -0.0643003
4295 0.155282 -0.198351 -0.0592898 -0.102359
4300 0.175657 -0.167605 -0.148204 -0.140152
4305 0.180427 -0.133043 -0.216901 -0.169518
4310 0.165484 -0.0947 -0.252822 -0.182038
4315 0.130718 -0.0566127 -0.252916 -0.178811
4320 0.0809019 -0.028855 -0.221127 -0.16908
4325 0.0259934 -0.0213848 -0.164818 -0.160209
4330 -0.0244899 -0.0353509 -0.0957788 -0.15562
4335 -0.0671423 -0.0621529 -0.029944 -0.159239
4340 -0.101623 -0.0893656 0.0197482 -0.17124
4345 -0.124535 -0.110047 0.0512951 -0.183286
4350 -0.130769 -0.124363 0.0704528 -0.184679
4355 -0.118458 -0.131787 0.0831243 -0.167121
4360 -0.0914882 -0.127072 0.0922702 -0.12629
4365 -0.0625592 -0.107381 0.0996395 -0.0703009
4370 -0.0484254 -0.0756918 0.107719 -0.0163983
4375 -0.0544986 -0.0359559 0.118696 0.0282418
4380 -0.0696877 0.00775359 0.133047 0.071113
4385 -0.0785857 0.0524605 0.147905 0.12178
4390 -0.0736022 0.0986491 0.158031 0.183078
4395 -0.0550372 0.14656 0.1594 0.250922
4400 -0.026218 0.192606 0.153153 0.319541
4405 0.00987932 0.230996 0.142743 0.383617
4410 0.0506355 0.255947 0.130715 0.437298
4415 0.0903322 0.262517 0.120268 0.473117
4420 0.122755 0.249297 0.111854 0.483906
4425 0.146325 0.220218 0.102595 0.469139
4430 0.162291 0.183018 0.0891146 0.434424
4435 0.168272 0.144636 0.0727862 0.385694
4440 0.158033 0.105728 0.0622061 0.325967
4445 0.129002 0.063119 0.064165 0.256286
4450 0.0856077 0.016481 0.0774854 0.179574
4455 0.0371424 -0.0279402 0.0951086 0.104311
4460 -0.00583317 -0.0628737 0.110636 0.0419286
4465 -0.0343098 -0.0864764 0.12079 3.87842e-06
4470 -0.046413 -0.10077 0.11984 -0.0273431
4475 -0.0484926 -0.106253 0.0987209 -0.0560243
4480 -0.0467674 -0.10139 0.0520674 -0.09609
4485 -0.0411812 -0.0844253 -0.0144038 -0.14001
4490 -0.027649 -0.0546082 -0.0825567 -0.164814
4495 -0.00476474 -0.0159869 -0.133571 -0.154323
4500 0.0217278 0.0233206 -0.158679 -0.113631
4505 0.042778 0.0569774 -0.159429 -0.0596735
4510 0.0536418 0.081482 -0.140581 -0.00545756
4515 0.0563586 0.0949086 -0.104473 0.0467938
4520 0.0571323 0.0980518 -0.0577368 0.0974473
4525 0.0615862 0.0980306 -0.0157638 0.143853
4530 0.0690448 0.10456 0.00910864 0.182713
4535 0.0747279 0.121673 0.0142307 0.210631
4540 0.0770192 0.145609 0.00433595 0.226964
4545 0.0805614 0.169756 -0.0113986 0.238919
4550 0.0882673 0.190597 -0.0243435 0.254521
4555 0.0919385 0.210279 -0.0311888 0.271029
4560 0.0769509 0.230136 -0.0314931 0.275594
4565 0.0354389 0.241613 -0.0218041 0.255248
4570 -0.0282473 0.232549 -0.00131913 0.202983
4575 -0.0999289 0.201775 0.0214853 0.123332
4580 -0.163278 0.16112 0.0403139 0.0381557
4585 -0.207741 0.123252 0.0585683 -0.0259209
4590 -0.229272 0.0890854 0.0812062 -0.0589801
4595 -0.228068 0.0481304 0.100703 -0.0792348
4600 -0.206512 -0.0128855 0.104151 -0.115246
4605 -0.170168 -0.0982912 0.0905608 -0.177898
4610 -0.130165 -0.195654 0.067876 -0.257943
4615 -0.0965503 -0.284513 0.0430055 -0.338058
4620 -0.0713998 -0.350724 0.0170332 -0.405091
4625 -0.0534304 -0.386336 -0.0106095 -0.450376
4630 -0.0423239 -0.386028 -0.0338186 -0.462171
4635 -0.0367394 -0.349408 -0.042295 -0.428443
4640 -0.0307129 -0.282963 -0.0301329 -0.343809
4645 -0.0153228 -0.200449 -0.000940191 -0.216712
4650 0.0139449 -0.119995 0.0382343 -0.0678157
4655 0.0547921 -0.0576015 0.0835081 0.0806987
4660 0.101234 -0.021156 0.127529 0.207607
4665 0.1454 -0.00764489 0.155589 0.293344
4670 0.177971 -0.00668537 0.155513 0.326799
4675 0.19105 -0.00398087 0.128485 0.315554
4680 0.183922 0.01318 0.0868721 0.283974
4685 0.162584 0.0475647 0.0451584 0.255307
4690 0.132267 0.0943804 0.0129696 0.239617
4695 0.0940613 0.146336 -0.00569024 0.234708
4700 0.0495473 0.192812 -0.00900195 0.233358
4705 0.00472401 0.220913 0.0038685 0.229505
4710 -0.0303388 0.2188 0.0325208 0.220982
4715 -0.0469874 0.178398 0.0721615 0.203572
4720 -0.0463447 0.0993756 0.113365 0.166396
4725 -0.038611 -0.00689533 0.14817 0.102663
4730 -0.0314918 -0.119094 0.173928 0.0233425
4735 -0.0248763 -0.214652 0.189751 -0.0497773
4740 -0.0163682 -0.277606 0.188193 -0.105781
4745 -0.00543051 -0.301533 0.155824 -0.15114
4750 0.00796576 -0.286848 0.0865562 -0.192326
4755 0.0230691 -0.237185 -0.00796089 -0.222076
4760 0.0355474 -0.158662 -0.100815 -0.223929
4765 0.0373679 -0.0603483 -0.167893 -0.190873
4770 0.0225334 0.0469895 -0.204618 -0.135095
4775 -0.00497323 0.152247 -0.222443 -0.0751684
4780 -0.0342167 0.241707 -0.233819 -0.0263292
4785 -0.0564571 0.300828 -0.242107 0.00226375
4790 -0.0681577 0.319145 -0.241693 0.00929392
4795 -0.0705108 0.293807 -0.226788 -0.00349177
4800 -0.0668094 0.229284 -0.198855 -0.0363805
4805 -0.0597345 0.137062 -0.160616 -0.083289
4810 -0.0526871 0.0352074 -0.109106 -0.126586
4815 -0.0504825 -0.0584028 -0.041017 -0.149902
4820 -0.0560973 -0.132984 0.0358587 -0.153223
4825 -0.0680789 -0.183245 0.101767 -0.149557
4830 -0.0825514 -0.203351 0.136039 -0.149864
4835 -0.0965023 -0.188565 0.129729 -0.155338
4840 -0.10611 -0.140792 0.0922966 -0.154605
4845 -0.105161 -0.0709797 0.0448983 -0.131243
4850 -0.0897698 0.00222474 0.00652506 -0.08102
4855 -0.0625869 0.0562767 -0.0125962 -0.0189064
4860 -0.0296635 0.0735061 -0.0103159 0.0335267
4865 0.00343094 0.0527314 0.0108699 0.0670323
4870 0.0334904 0.0115939 0.0449722 0.0900565
4875 0.0593609 -0.0259251 0.0798153 0.113251
4880 0.0796617 -0.0452994 0.103926 0.138288
4885 0.0924763 -0.0442335 0.114947 0.163189
4890 0.0953991 -0.0274637 0.116392 0.184327
4895 0.0843408 -0.00465937 0.109013 0.188695
4900 0.0571473 0.0124724 0.0887085 0.158328
4905 0.0171364 0.0143611 0.0521648 0.0836624
4910 -0.0276147 -0.0044084 0.00387862 -0.0281445
4915 -0.0690083 -0.0410763 -0.0428211 -0.152906
4920 -0.101785 -0.0812815 -0.0763795 -0.259446
4925 -0.122976 -0.10908 -0.0956175 -0.327674
4930 -0.131771 -0.121538 -0.104608 -0.357918
4935 -0.131039 -0.128556 -0.101989 -0.361584
4940 -0.12751 -0.141305 -0.081762 -0.350577
4945 -0.126543 -0.162678 -0.0422565 -0.331478
4950 -0.125911 -0.187418 0.00808754 -0.305241
4955 -0.117773 -0.207217 0.0543042 -0.270686
4960 -0.0957353 -0.214859 0.0836571 -0.226937
4965 -0.0606581 -0.203542 0.0890226 -0.175177
4970 -0.0185415 -0.166823 0.0688605 -0.116504
4975 0.0258641 -0.101726 0.0286486 -0.0472137
4980 0.0690857 -0.0126045 -0.0174668 0.0390144
4985 0.106188 0.0859268 -0.0504075 0.141707
4990 0.132209 0.174621 -0.0547871 0.252043
4995 0.143887 0.240875 -0.0245706 0.360191
5000 0.138638 0.283497 0.0367521 0.458887
5005 0.116872 0.305201 0.118111 0.540184
5010 0.0843338 0.302988 0.202597 0.58992
5015 0.0497686 0.271478 0.273121 0.594367
5020 0.0186832 0.213506 0.314915 0.547105
5025 -0.00857822 0.141474 0.316597 0.449493
5030 -0.0336413 0.0685867 0.276446 0.311392
5035 -0.05512 0.00195377 0.201048 0.147882
5040 -0.0700617 -0.0572123 0.0980917 -0.0291822
5045 -0.0793814 -0.108663 -0.0220649 -0.210109
5050 -0.0893344 -0.149028 -0.141811 -0.380173
5055 -0.106495 -0.173497 -0.237608 -0.5176
5060 -0.128294 -0.180072 -0.290273 -0.598639
5065 -0.142217 -0.171436 -0.293867 -0.60752
5070 -0.138984 -0.152133 -0.252122 -0.543239
5075 -0.121091 -0.127715 -0.173997 -0.422804
5080 -0.0948845 -0.104347 -0.0736482 -0.27288
5085 -0.0617163 -0.0845363 0.0288223 -0.11743
5090 -0.0246722 -0.0647318 0.109836 0.0204315
5095 0.00652674 -0.0425368 0.151951 0.115941
5100 0.0243511 -0.0219442 0.152296 0.154703
5105 0.0322598 -0.00814447 0.12162 0.145735
5110 0.0407046 -0.00293626 0.0739913 0.11176
5115 0.0557092 -0.00145425 0.0183714 0.0726264
5120 0.0737634 0.00567574 -0.0365107 0.0429284
5125 0.0858878 0.0215677 -0.0773626 0.0300929
5130 0.0854334 0.0404203 -0.095383 0.0304708
5135 0.0735251 0.0548034 -0.0942004 0.0341282
5140 0.0577821 0.063213 -0.0873461 0.0336489
5145 0.0455653 0.0693877 -0.086679 0.028274
5150 0.038363 0.0730317 -0.0910764 0.0203183
5155 0.0330875 0.0678534 -0.090982 0.00995896
5160 0.0269879 0.0504886 -0.0813886 -0.00391205
5165 0.021044 0.0289987 -0.0652386 -0.0151959
5170 0.0178146 0.0165356 -0.0478432 -0.013493
5175 0.0200799 0.0182153 -0.0303632 0.00793196
5180 0.032663 0.0291234 -0.00977431 0.0520121
5185 0.0588578 0.0428348 0.0137082 0.115401
5190 0.0961426 0.0584684 0.0322156 0.186827
5195 0.135677 0.0784485 0.0380087 0.252135
5200 0.165321 0.101234 0.0294892 0.296044
5205 0.175732 0.118976 0.00836422 0.303072
5210 0.16721 0.122436 -0.0209219 0.268724
5215 0.14625 0.107863 -0.0527647 0.201348
5220 0.115747 0.0813432 -0.0849934 0.112097
5225 0.0743843 0.0535956 -0.114707 0.0132726
5230 0.0229022 0.0305475 -0.130258 -0.0768086
5235 -0.0318489 0.0137221 -0.118409 -0.136536
5240 -0.0797709 0.00637544 -0.0775486 -0.150944
5245 -0.110408 0.0126623 -0.019756 -0.117502
5250 -0.116598 0.0307107 0.0395537 -0.0463333
5255 -0.100437 0.0512429 0.0924964 0.0433019
5260 -0.0703848 0.0655349 0.138102 0.133252
5265 -0.0313061 0.0717208 0.174482 0.214896
5270 0.0166693 0.0749055 0.19467 0.286244
5275 0.073276 0.0809218 0.191387 0.345585
5280 0.134805 0.0902744 0.162652 0.387731
5285 0.191503 0.100093 0.111338 0.402933
5290 0.230173 0.108474 0.0434845 0.382132
5295 0.240762 0.116234 -0.031467 0.325528
5300 0.219793 0.127042 -0.101276 0.245558
5305 0.17032 0.144211 -0.154851 0.15968
5310 0.100298 0.166025 -0.183983 0.082339
5315 0.020612 0.184488 -0.182743 0.0223571
5320 -0.0559746 0.191164 -0.151804 -0.0166143
5325 -0.11656 0.181322 -0.0992361 -0.0344738
5330 -0.152415 0.154219 -0.0371593 -0.0353549
5335 -0.161156 0.112059 0.0232238 -0.0258728
5340 -0.144376 0.05869 0.0733886 -0.0122976
5345 -0.105423 -0.000746076 0.104256 -0.00191311
5350 -0.0498247 -0.0560346 0.106088 0.000228866
5355 0.0191054 -0.0950762 0.0760092 3.84854e-05
5360 0.0982386 -0.113532 0.0192795 0.00398637
5365 0.177338 -0.11235 -0.0566804 0.00830789
5370 0.241272 -0.093838 -0.138636 0.0087982
5375 0.278576 -0.0642877 -0.202993 0.0112955
5380 0.28471 -0.0334796 -0.22588 0.0253502
5385 0.260695 -0.0115182 -0.199755 0.0494216
5390 0.208393 -0.00715649 -0.139199 0.062037
5395 0.128125 -0.0249382 -0.0683914 0.0347958
5400 0.0225542 -0.0611222 -0.00590765 -0.0444757
5405 -0.0983059 -0.106494 0.0393765 -0.165423
5410 -0.217221 -0.151439 0.0635825 -0.305078
5415 -0.315411 -0.187378 0.0611226 -0.441666
5420 -0.378861 -0.207444 0.0282508 -0.558054
5425 -0.39867 -0.207082 -0.0277082 -0.63346
5430 -0.370591 -0.185541 -0.0897768 -0.645909
5435 -0.297828 -0.148226 -0.142813 -0.588867
5440 -0.191195 -0.104399 -0.179975 -0.47557
5445 -0.0685744 -0.064317 -0.198487 -0.331378
5450 0.0476552 -0.0374905 -0.196238 -0.186073
5455 0.138579 -0.0299261 -0.173104 -0.0644517
5460 0.193934 -0.0407938 -0.133458 0.0196825
5465 0.210711 -0.0645174 -0.0862604 0.0599329
5470 0.191916 -0.0962905 -0.0406218 0.0550035
5475 0.146691 -0.133119 0.0010174 0.0145895
5480 0.0837426 -0.168172 0.0413642 -0.043065
5485 0.00638837 -0.190843 0.0794194 -0.105035
5490 -0.0794421 -0.194464 0.106993 -0.166913
5495 -0.158952 -0.181891 0.114818 -0.226025
5500 -0.216694 -0.162171 0.09998 -0.278886
5505 -0.244511 -0.1416 0.0695007 -0.31661
5510 -0.245293 -0.121211 0.0365948 -0.329909
5515 -0.228283 -0.101678 0.00959101 -0.32037
5520 -0.200308 -0.0835194 -0.0131065 -0.296934
5525 -0.162876 -0.0621629 -0.0350162 -0.260055
5530 -0.115879 -0.0304748 -0.0527661 -0.19912
5535 -0.0639056 0.014845 -0.0591273 -0.108188
5540 -0.0181718 0.0701194 -0.0494409 0.00250676
5545 0.00960421 0.124624 -0.0233581 0.110871
5550 0.0153612 0.165794 0.0150387 0.196194
5555 0.00723956 0.188018 0.0580674 0.253325
5560 0.00156169 0.196175 0.0937883 0.291525
5565 0.00973958 0.20048 0.10927 0.31949
5570 0.0295894 0.20713 0.0961824 0.332902
5575 0.051558 0.21331 0.0528331 0.317701
5580 0.0723948 0.21379 -0.0124544 0.273731
5585 0.0981192 0.209709 -0.0812494 0.226578
5590 0.132617 0.206299 -0.136384 0.202532
5595 0.166299 0.203711 -0.168926 0.201084
5600 0.179901 0.191356 -0.17702 0.194238
5605 0.161093 0.152156 -0.162795 0.150454
5610 0.116415 0.078165 -0.130162 0.064418
5615 0.0663537 -0.0188944 -0.0834937 -0.0360344
5620 0.0267478 -0.117088 -0.0274258 -0.117766
5625 -0.00237153 -0.200465 0.0301927 -0.172644
5630 -0.0308944 -0.263956 0.0759945 -0.218856
5635 -0.0651398 -0.305536 0.0987006 -0.271976
5640 -0.0982089 -0.318475 0.101194 -0.31549
5645 -0.115774 -0.295331 0.0977421 -0.313363
5650 -0.111957 -0.237028 0.0983477 -0.250637
5655 -0.092817 -0.1547 0.0992033 -0.148313
5660 -0.0659414 -0.0618259 0.0865149 -0.0412525
5665 -0.0325295 0.0292814 0.051126 0.0478778
5670 0.00945534 0.107306 0.00113941 0.117901
5675 0.0593884 0.164499 -0.0437844 0.180103
5680 0.11388 0.198122 -0.0692508 0.242751
5685 0.168173 0.209525 -0.075259 0.30244
5690 0.215104 0.204955 -0.070755 0.349304
5695 0.244189 0.193969 -0.061317 0.376841
5700 0.245274 0.184327 -0.0475386 0.382062
5705 0.213671 0.177211 -0.0280669 0.362815
5710 0.152985 0.166913 0.0015407 0.321439
5715 0.0736696 0.149125 0.0470046 0.269799
5720 -0.0121951 0.126304 0.108817 0.222926
5725 -0.0930437 0.105121 0.179419 0.191497
5730 -0.158082 0.0934667 0.24803 0.183415
5735 -0.198807 0.0965876 0.307486 0.205267
5740 -0.21316 0.113912 0.352634 0.253385
5745 -0.210312 0.137231 0.3731 0.300019
5750 -0.20594 0.15204 0.353343 0.299443
5755 -0.209924 0.143719 0.284352 0.218147
5760 -0.219246 0.105297 0.172927 0.0589783
5765 -0.221447 0.0395875 0.0420938 -0.139766
5770 -0.207284 -0.0427473 -0.079264 -0.329295
5775 -0.17771 -0.127158 -0.170561 -0.475428
5780 -0.138362 -0.200129 -0.221256 -0.559747
5785 -0.0933197 -0.251128 -0.227063 -0.571511
5790 -0.0444578 -0.271481 -0.195267 -0.511206
5795 0.00665942 -0.255184 -0.145229 -0.393753
5800 0.0602603 -0.202491 -0.0974862 -0.239717
5805 0.119169 -0.122828 -0.0607362 -0.0643958
5810 0.185396 -0.0321629 -0.0324492 0.120784
5815 0.254865 0.0528388 -0.00938054 0.298323
5820 0.31555 0.11899 0.0102556 0.444795
5825 0.351182 0.158262 0.0273665 0.536811
5830 0.350037 0.1669 0.0388784 0.555816
5835 0.312706 0.145884 0.0395939 0.498185
5840 0.250848 0.10116 0.0282159 0.380224
5845 0.176723 0.0416197 0.00739205 0.225735
5850 0.0985069 -0.0214377 -0.0198764 0.0571928
5855 0.0253152 -0.0766735 -0.0529227 -0.104281
5860 -0.0315049 -0.115459 -0.0892642 -0.236228
5865 -0.0621329 -0.133526 -0.12026 -0.31592
5870 -0.0631319 -0.129417 -0.136497 -0.329046
5875 -0.0417555 -0.105008 -0.136117 -0.282881
5880 -0.0153708 -0.0697271 -0.124536 -0.209634
5885 -0.0048403 -0.0368517 -0.10711 -0.148802
5890 -0.0243051 -0.0154595 -0.0851206 -0.124885
5895 -0.0724921 -0.00698106 -0.0572119 -0.136685
5900 -0.137063 -0.0081717 -0.0221907 -0.167425
5905 -0.202873 -0.0151427 0.0210877 -0.196928
5910 -0.254205 -0.0237304 0.0719399 -0.205996
5915 -0.277987 -0.0330237 0.124932 -0.186078
5920 -0.267597 -0.0465959 0.169523 -0.144669
5925 -0.224703 -0.064392 0.19617 -0.0929251
5930 -0.15775 -0.0823585 0.202077 -0.038032
5935 -0.081351 -0.100397 0.187433 0.00568519
5940 -0.0136069 -0.119804 0.150524 0.0171127
5945 0.0306258 -0.137428 0.0902317 -0.0165709
5950 0.0430985 -0.14848 0.0135681 -0.0918135
5955 0.022143 -0.15051 -0.0615363 -0.189903
5960 -0.0261978 -0.141335 -0.114585 -0.282118
5965 -0.0894292 -0.118146 -0.13352 -0.341095
5970 -0.151794 -0.0792283 -0.120854 -0.351877
5975 -0.198332 -0.0278582 -0.0884987 -0.314689
5980 -0.218153 0.0245563 -0.046352 -0.239948
5985 -0.204554 0.0642627 0.000889122 -0.139402
5990 -0.156549 0.0833829 0.0476747 -0.0254913
5995 -0.080203 0.0813335 0.0847958 0.0859264
6000 0.0099525 0.0633412 0.103563 0.176857
6005 0.09262 0.0382214 0.104624 0.235465
6010 0.149735 0.0161749 0.0972291 0.263139
6015 0.174612 0.00393855 0.0879236 0.266474
6020 0.169922 -0.000278976 0.0742765 0.243919
6025 0.138348 -0.00502909 0.0499606 0.18328
6030 0.0799826 -0.016324 0.0150738 0.0787323
6035 0.000321658 -0.0293077 -0.0179556 -0.0469416
6040 -0.0861943 -0.0308604 -0.031713 -0.148768
6045 -0.162393 -0.0114519 -0.0149673 -0.188812
6050 -0.213869 0.0277435 0.0300762 -0.15605
6055 -0.230824 0.0775258 0.087585 -0.0657134
6060 -0.208146 0.128218 0.134924 0.0549958
6065 -0.146391 0.174506 0.153875 0.18199
6070 -0.0550169 0.213426 0.137511 0.29592
6075 0.0461868 0.240906 0.0910362 0.378129
6080 0.134762 0.249161 0.0279824 0.411906
6085 0.195987 0.226935 -0.0361279 0.386794
6090 0.228338 0.167469 -0.091501 0.304306
6095 0.241561 0.0775923 -0.133777 0.185377
6100 0.247358 -0.0227201 -0.158267 0.0663707
6105 0.250525 -0.110317 -0.159522 -0.0193142
6110 0.249533 -0.170151 -0.135788 -0.0564053
6115 0.243043 -0.201018 -0.0949543 -0.0529289
6120 0.229618 -0.211116 -0.0490183 -0.0305164
6125 0.20437 -0.207624 -0.0046865 -0.00794047
6130 0.161925 -0.192348 0.0381726 0.00775016
6135 0.10234 -0.16447 0.0815947 0.0194648
6140 0.0327304 -0.123634 0.123067 0.0321632
6145 -0.0351935 -0.0731177 0.154705 0.0463941
6150 -0.0917392 -0.0200882 0.168112 0.0562842
6155 -0.133182 0.0293003 0.15983 0.0559486
6160 -0.156081 0.069993 0.130381 0.0442932
6165 -0.154547 0.0958593 0.0821183 0.0234304
6170 -0.128072 0.10215 0.0193574 -0.00656523
6175 -0.0873082 0.090134 -0.0487007 -0.0458749
6180 -0.0485021 0.0681747 -0.108002 -0.0883291
6185 -0.0206472 0.0474911 -0.145424 -0.11858
6190 -0.00104706 0.0373423 -0.154315 -0.11802
6195 0.0159997 0.0416777 -0.13572 -0.0780427
6200 0.0280502 0.060908 -0.0965244 -0.00756611
6205 0.0258712 0.0968239 -0.0458572 0.0768378
6210 0.000916443 0.148089 0.00719771 0.156203
6215 -0.0496611 0.199363 0.0559049 0.205606
6220 -0.11732 0.227044 0.098132 0.207856
6225 -0.185938 0.217164 0.13336 0.164586
6230 -0.239295 0.172328 0.160864 0.0938971
6235 -0.2632 0.102989 0.182859 0.0226481
6240 -0.249185 0.018377 0.201822 -0.0289856
6245 -0.199253 -0.0729506 0.212344 -0.0598598
6250 -0.12589 -0.161013 0.204835 -0.0820676
6255 -0.0442521 -0.235849 0.174499 -0.105601
6260 0.0350717 -0.287228 0.122709 -0.129447
6265 0.105584 -0.306199 0.0526109 -0.148003
6270 0.163205 -0.289455 -0.0315143 -0.157764
6275 0.208211 -0.244136 -0.11837 -0.154294
6280 0.24332 -0.183042 -0.191758 -0.13148
6285 0.268217 -0.117348 -0.239969 -0.0890996
6290 0.276111 -0.0591506 -0.260831 -0.04387
6295 0.257631 -0.0177753 -0.259616 -0.0197608
6300 0.209824 0.00616969 -0.243537 -0.0275432
6305 0.139134 0.0152373 -0.215712 -0.0613405
6310 0.0586888 0.00902805 -0.175585 -0.107868
6315 -0.0158599 -0.00973485 -0.126462 -0.152057
6320 -0.074574 -0.0293345 -0.0761704 -0.180079
6325 -0.119008 -0.0354668 -0.029399 -0.183874
6330 -0.158779 -0.0200169 0.0136434 -0.165153
6335 -0.202112 0.0165652 0.0572727 -0.128274
6340 -0.248461 0.0673562 0.10706 -0.0740448
6345 -0.291002 0.122335 0.161703 -0.00696444
6350 -0.321517 0.169684 0.213212 0.0613792
6355 -0.331144 0.201584 0.253802 0.124243
6360 -0.313749 0.215961 0.278864 0.181076
6365 -0.26777 0.211476 0.284043 0.227749
6370 -0.194576 0.187099 0.264127 0.256649
6375 -0.101272 0.144129 0.216872 0.259728
6380 -0.00121059 0.0837937 0.145431 0.228014
6385 0.0918536 0.0078552 0.0605685 0.160277
6390 0.16864 -0.0746726 -0.0186884 0.0752794
6395 0.225346 -0.143949 -0.0728983 0.00849844
6400 0.260907 -0.17835 -0.0927387 -0.0101818
6405 0.276132 -0.170986 -0.0812575 0.0238889
6410 0.273929 -0.131697 -0.0493773 0.0928547
6415 0.258378 -0.0747162 -0.00664093 0.177021
6420 0.232349 -0.0103639 0.0417377 0.263723
6425 0.198531 0.0554794 0.0894498 0.34346
6430 0.161219 0.115798 0.125191 0.402207
6435 0.126538 0.156453 0.137649 0.420639
6440 0.101853 0.163336 0.123758 0.388947
6445 0.0939953 0.133769 0.0899786 0.317743
6450 0.105187 0.078819 0.0457174 0.229723
6455 0.129424 0.0180897 -0.00107614 0.146438
6460 0.156001 -0.0278463 -0.0447131 0.0834413
6465 0.174891 -0.0466647 -0.0823586 0.045868
6470 0.176827 -0.0413276 -0.115917 0.019583
6475 0.154599 -0.0241382 -0.149183 -0.0187226
6480 0.106066 -0.00570644 -0.18346 -0.0831002
6485 0.0343375 0.00887464 -0.215435 -0.172223
6490 -0.0550778 0.0177557 -0.238279 -0.275601
6495 -0.155693 0.0194968 -0.242204 -0.3784
6500 -0.257085 0.0127341 -0.221078 -0.46543
6505 -0.344032 -0.00402986 -0.1777 -0.525762
6510 -0.402175 -0.0327769 -0.123672 -0.558624
6515 -0.421614 -0.0731186 -0.0758262 -0.570559
6520 -0.396373 -0.118466 -0.0428206 -0.557659
6525 -0.329729 -0.157416 -0.0185774 -0.505723
6530 -0.237834 -0.180786 0.00575486 -0.412865
6535 -0.138841 -0.185502 0.031501 -0.292842
6540 -0.041775 -0.1707 0.0564357 -0.156039
6545 0.0530245 -0.136047 0.079513 -0.00350986
6550 0.147188 -0.0846469 0.0988321 0.161374
6555 0.23813 -0.0246225 0.107013 0.32052
6560 0.316182 0.0328309 0.0955643 0.444578
6565 0.370523 0.0790307 0.0644155 0.513969
6570 0.39712 0.109548 0.0239674 0.530635
6575 0.399618 0.12398 -0.0114437 0.512154
6580 0.38051 0.126695 -0.0322533 0.474952
6585 0.339425 0.124932 -0.0381005 0.426256
6590 0.279428 0.125747 -0.0339551 0.37122
6595 0.212273 0.131353 -0.0202809 0.323345
6600 0.154796 0.134758 0.00696298 0.296518
6605 0.117719 0.123121 0.0493096 0.290149
6610 0.100611 0.0871631 0.0994129 0.287187
6615 0.0964967 0.0291692 0.143357 0.269023
6620 0.0985879 -0.0366034 0.171906 0.233891
6625 0.103196 -0.0930848 0.186122 0.196233
6630 0.106745 -0.12958 0.19093 0.168095
6635 0.105312 -0.142159 0.183824 0.146978
6640 0.0967011 -0.132012 0.154762 0.119452
6645 0.0816355 -0.101173 0.0977274 0.0781895
6650 0.0616029 -0.050825 0.0186506 0.0294285
6655 0.0360747 0.0122422 -0.0670812 -0.0187644
6660 0.00317572 0.0739998 -0.142555 -0.0653792
6665 -0.0354998 0.121853 -0.196267 -0.109914
6670 -0.0723687 0.149146 -0.222743 -0.145966
6675 -0.0978965 0.152583 -0.219414 -0.164727
6680 -0.106419 0.130352 -0.186754 -0.162821
6685 -0.0982564 0.0856245 -0.131566 -0.144198
6690 -0.0789978 0.0287454 -0.0694724 -0.119725
6695 -0.0586892 -0.0272473 -0.0213755 -0.107312
6700 -0.0473997 -0.0711364 -0.00152667 -0.120063
6705 -0.0502921 -0.0967882 -0.0104915 -0.157572
6710 -0.0674504 -0.104644 -0.0404561 -0.21255
6715 -0.0926814 -0.0990535 -0.0826163 -0.274351
6720 -0.118064 -0.0881836 -0.12574 -0.331988
6725 -0.14004 -0.0826745 -0.156143 -0.378858
6730 -0.158038 -0.0903279 -0.161562 -0.409928
6735 -0.172864 -0.113461 -0.134656 -0.42098
6740 -0.184382 -0.147643 -0.0810341 -0.413059
6745 -0.189046 -0.183945 -0.0203459 -0.393337
6750 -0.183116 -0.212099 0.0245458 -0.370669
6755 -0.165653 -0.220309 0.0402537 -0.345708
6760 -0.135922 -0.19911 0.0290434 -0.305988
6765 -0.0955683 -0.147393 0.00451258 -0.238449
6770 -0.0531203 -0.0744997 -0.0193972 -0.147017
6775 -0.0191691 0.00574754 -0.0334988 -0.0469204
6780 0.000307328 0.08364 -0.0316516 0.0522957
6785 0.00459301 0.153879 -0.00936265 0.14911
6790 -0.00274269 0.212152 0.0355687 0.244978
6795 -0.0137571 0.254072 0.0963138 0.336629
6800 -0.0208615 0.276281 0.154988 0.410407
6805 -0.0220354 0.277513 0.196642 0.452119
6810 -0.0190276 0.259274 0.218406 0.458653
6815 -0.0124378 0.223642 0.225176 0.436379
6820 -0.00267332 0.172407 0.223016 0.392749
6825 0.00527436 0.108911 0.213343 0.327528
6830 0.00555143 0.042116 0.195007 0.242674
6835 -0.00105033 -0.0134925 0.169753 0.15521
6840 -0.00656852 -0.0453557 0.14095 0.0890261
6845 -0.00222631 -0.0529922 0.108491 0.053273
6850 0.0164177 -0.0470273 0.0691518 0.0385421
6855 0.0484965 -0.0368759 0.0220901 0.0337107
6860 0.0885287 -0.0245914 -0.0295783 0.034359
6865 0.12899 -0.00971194 -0.0808629 0.038415
6870 0.166712 0.00709435 -0.126163 0.0476434
6875 0.201887 0.0250792 -0.162717 0.0642493
6880 0.232259 0.04439 -0.193396 0.0832529
6885 0.251299 0.0622882 -0.225346 0.0882412
6890 0.249611 0.0735285 -0.263634 0.0595055
6895 0.218167 0.076679 -0.304131 -0.00928514
6900 0.155131 0.0731444 -0.330951 -0.102676
6905 0.0695835 0.0612602 -0.326196 -0.195353
6910 -0.0230923 0.0392376 -0.283824 -0.267679
6915 -0.11043 0.0064127 -0.213854 -0.317872
6920 -0.187046 -0.038131 -0.134176 -0.359353
6925 -0.248138 -0.0927291 -0.0595866 -0.400454
6930 -0.285426 -0.148355 0.00189834 -0.431883
6935 -0.289965 -0.191644 0.0466835 -0.434926
6940 -0.256647 -0.21251 0.0698219 -0.399335
6945 -0.190043 -0.209126 0.0645009 -0.334669
6950 -0.106874 -0.186679 0.0308775 -0.262676
6955 -0.0295758 -0.153991 -0.0180512 -0.201618
6960 0.0261203 -0.119439 -0.0621028 -0.155422
6965 0.0570991 -0.0840584 -0.0902938 -0.117253
6970 0.0707499 -0.0435051 -0.106064 -0.0788195
6975 0.0772339 0.00154474 -0.112692 -0.0339131
6980 0.0818332 0.0426731 -0.104253 0.0202536
6985 0.0842424 0.0683955 -0.0741648 0.078473
6990 0.0806202 0.0717564 -0.0265587 0.125818
6995 0.0682318 0.0563292 0.02559 0.150151
7000 0.0482148 0.0339796 0.0700706 0.152265
7005 0.023683 0.0177 0.10237 0.143753
7010 -0.00341822 0.01513 0.122145 0.133856
7015 -0.0336352 0.0272505 0.127011 0.120627
7020 -0.0647075 0.0515641 0.114242 0.101098
7025 -0.0883616 0.0811593 0.0866018 0.0793996
7030 -0.0963332 0.105118 0.0557467 0.0645312
7035 -0.0866853 0.112264 0.036328 0.0619068
7040 -0.0639251 0.0937421 0.0322094 0.0620264
7045 -0.0328839 0.0477163 0.0353909 0.0502234
7050 0.00485915 -0.0189511 0.0378648 0.0237729
7055 0.0475881 -0.0942804 0.0360616 -0.0106307
7060 0.0891723 -0.166674 0.0275345 -0.0499675
7065 0.120053 -0.227368 0.0110934 -0.0962214
7070 0.133589 -0.271642 -0.0103845 -0.148438
7075 0.132635 -0.300924 -0.0317393 -0.200029
7080 0.127063 -0.318727 -0.0504027 -0.242067
7085 0.125438 -0.324759 -0.0676109 -0.266932
7090 0.130608 -0.310826 -0.0828554 -0.263073
7095 0.13877 -0.266997 -0.0917753 -0.220003
7100 0.139496 -0.192946 -0.0903977 -0.143848
7105 0.121449 -0.0991191 -0.078323 -0.0559935
7110 0.0769536 -0.0003897 -0.059838 0.016726
7115 0.00178384 0.0898036 -0.0400717 0.0515157
7120 -0.101064 0.163606 -0.0169663 0.0455765
7125 -0.217263 0.216991 0.0164828 0.0162112
7130 -0.32647 0.246921 0.058528 -0.0210212
7135 -0.410772 0.252209 0.0937492 -0.0648144
7140 -0.45877 0.235909 0.108176 -0.114686
7145 -0.464917 0.206245 0.098896 -0.159777
7150 -0.428297 0.174777 0.0704242 -0.183096
7155 -0.355833 0.150092 0.0285061 -0.177235
7160 -0.264863 0.135303 -0.0200629 -0.149623
7165 -0.175559 0.132258 -0.0646772 -0.107978
7170 -0.10062 0.14093 -0.0896873 -0.0493776
7175 -0.0428636 0.158079 -0.0817008 0.0335147
7180 -0.000240133 0.177844 -0.0437628 0.133841
7185 0.029679 0.192625 0.00589072 0.228194
7190 0.0523205 0.192582 0.049041 0.293943
7195 0.0765631 0.168569 0.0736983 0.31883
7200 0.108682 0.118857 0.0703031 0.297842
7205 0.14942 0.0508985 0.0329295 0.233248
7210 0.194038 -0.0222457 -0.0322255 0.139566
7215 0.234759 -0.0875373 -0.102691 0.0445307
7220 0.263336 -0.137564 -0.151517 -0.0257453
7225 0.272494 -0.168499 -0.165207 -0.0612125
7230 0.257454 -0.177431 -0.149988 -0.0699648
7235 0.215683 -0.165886 -0.120938 -0.0711409
7240 0.148686 -0.13872 -0.0878295 -0.077864
7245 0.0670018 -0.0983563 -0.0503302 -0.0816847
7250 -0.0147356 -0.0456235 -0.00501056 -0.0653697
7255 -0.0870118 0.0138596 0.0440606 -0.0290916
7260 -0.142251 0.0702005 0.0854131 0.0133628
7265 -0.170985 0.114273 0.11342 0.0567075
7270 -0.16711 0.13861 0.134946 0.106445
7275 -0.132494 0.134943 0.156738 0.159186
7280 -0.077949 0.0988329 0.172392 0.193275
7285 -0.0206465 0.0347383 0.167846 0.181938
7290 0.0234625 -0.0461811 0.138649 0.115931
7295 0.0477885 -0.128132 0.0973308 0.0169873
7300 0.0543023 -0.194187 0.0656245 -0.0742604
7305 0.0458949 -0.231618 0.059446 -0.126277
7310 0.022969 -0.233631 0.0812975 -0.129364
7315 -0.0129255 -0.201293 0.122703 -0.091515
7320 -0.054723 -0.144925 0.172492 -0.0271562
7325 -0.0899228 -0.0804317 0.220733 0.0503786
7330 -0.105738 -0.0238729 0.256842 0.127231
7335 -0.093754 0.0144403 0.269894 0.19058
7340 -0.0551933 0.0325248 0.249174 0.226506
7345 -0.000503381 0.0366793 0.190347 0.226523
7350 0.0583235 0.0378576 0.101798 0.197979
7355 0.111479 0.0433772 -0.00185946 0.152996
7360 0.150137 0.0496596 -0.106054 0.0937419
7365 0.167478 0.0454581 -0.199822 0.0131136
7370 0.163023 0.0270351 -0.277024 -0.0869659
7375 0.144432 0.00448065 -0.333181 -0.184269
7380 0.123305 -0.00864238 -0.362573 -0.24791
7385 0.11093 -0.00618396 -0.357437 -0.252691
7390 0.111341 0.00625146 -0.311767 -0.194175
7395 0.120251 0.0174171 -0.229996 -0.0923278
7400 0.133663 0.0204219 -0.128146 0.0259389
7405 0.149111 0.0169459 -0.0287915 0.137265
7410 0.160636 0.0121016 0.0459786 0.218716
7415 0.156985 0.00887823 0.0854109 0.251275
7420 0.128041 0.0122345 0.0936592 0.233934
7425 0.0737597 0.0315817 0.0809597 0.186301
7430 0.00453283 0.0728645 0.058095 0.135492
7435 -0.0658967 0.129393 0.0349402 0.0984367
7440 -0.126511 0.180915 0.0210953 0.0754994
7445 -0.171873 0.207474 0.0248864 0.0604873
7450 -0.198446 0.201961 0.0480991 0.0516148
7455 -0.200945 0.1684 0.0822087 0.0496639
7460 -0.177111 0.115147 0.113433 0.0514691
7465 -0.132625 0.0491891 0.130269 0.0468332
7470 -0.0788211 -0.0231998 0.125999 0.023978
7475 -0.0258771 -0.0901477 0.0980484 -0.0179764
7480 0.0203231 -0.135506 0.0504239 -0.0647588
7485 0.056374 -0.149746 -0.00350631 -0.0968787
7490 0.0794481 -0.136058 -0.0461471 -0.102757
7495 0.0881884 -0.105878 -0.0667567 -0.0844459
7500 0.0842436 -0.0704874 -0.067848 -0.0540917
7505 0.0700541 -0.0371005 -0.0589799 -0.0260264
7510 0.0456975 -0.00983799 -0.0465057 -0.0106462
7515 0.0127769 0.00761963 -0.0323735 -0.011977
7520 -0.0213162 0.0127004 -0.0197022 -0.0283181
7525 -0.0456366 0.00695532 -0.0141822 -0.0528635
7530 -0.050609 -0.00242437 -0.0161543 -0.0691877
7535 -0.0336573 -0.00820014 -0.0155499 -0.0574073
7540 0.000795162 -0.00820412 -0.00477924 -0.0121882
7545 0.0442726 -0.00215498 0.0107144 0.0528321
7550 0.0861231 0.0128242 0.0187242 0.117672
7555 0.114916 0.0380839 0.013499 0.166499
7560 0.121044 0.0661598 0.00359845 0.190802
7565 0.101225 0.0852941 0.00495329 0.191472
7570 0.0621634 0.0906582 0.0278793 0.180701
7575 0.0182438 0.0859645 0.0687802 0.172989
7580 -0.0177464 0.0746239 0.112789 0.169667
7585 -0.0414331 0.0556224 0.144594 0.158783
7590 -0.0567278 0.0271073 0.153946 0.124326
7595 -0.0702937 -0.00871337 0.136144 0.0571368
7600 -0.0828157 -0.0440287 0.0908775 -0.0359669
7605 -0.0861716 -0.0710085 0.024165 -0.133015
7610 -0.0736005 -0.0874258 -0.0490344 -0.210061
7615 -0.0475046 -0.0933589 -0.111158 -0.252021
7620 -0.0172347 -0.085567 -0.153748 -0.25655
7625 0.00635418 -0.0603329 -0.178374 -0.232352
7630 0.016845 -0.0194133 -0.190517 -0.193085
7635 0.0144857 0.0265423 -0.194542 -0.153514
7640 0.0032917 0.0648091 -0.189052 -0.120952
7645 -0.0116146 0.0907947 -0.170077 -0.0908967
7650 -0.0256204 0.106771 -0.138647 -0.0574969
7655 -0.037395 0.114154 -0.099173 -0.022414
7660 -0.047255 0.111074 -0.0581558 0.00566278
7665 -0.0548824 0.0956334 -0.0260679 0.014683
7670 -0.0610815 0.0705364 -0.0148873 -0.00543233
7675 -0.0694906 0.0433377 -0.0275647 -0.0537176
7680 -0.0845622 0.019231 -0.0538456 -0.119177
7685 -0.105451 -0.00424709 -0.0797791 -0.189477
7690 -0.123805 -0.0334717 -0.0978638 -0.255141
7695 -0.12861 -0.0663777 -0.107557 -0.302545
7700 -0.11396 -0.090381 -0.107333 -0.311674
7705 -0.0810197 -0.097136 -0.092878 -0.271034
7710 -0.033996 -0.089537 -0.0604925 -0.184025
7715 0.0215359 -0.0745092 -0.0113187 -0.064292
7720 0.0785221 -0.0576725 0.0440066 0.0648562
7725 0.128268 -0.0414718 0.0928783 0.179674
7730 0.159655 -0.0219415 0.128497 0.266211
7735 0.164069 0.00764421 0.144983 0.316696
7740 0.141937 0.0476997 0.136026 0.325663
7745 0.103128 0.0905384 0.104175 0.297841
7750 0.0611609 0.12669 0.0651662 0.253017
7755 0.0256865 0.14969 0.0375812 0.212958
7760 -0.00149089 0.155984 0.0320747 0.186568
7765 -0.0211743 0.143952 0.0471845 0.169962
7770 -0.0305901 0.115563 0.0714774 0.15645
7775 -0.0278386 0.076324 0.0944666 0.142952
7780 -0.0158629 0.0314791 0.114812 0.130428
7785 0.000149138 -0.0144471 0.133604 0.119306
7790 0.015571 -0.057549 0.144049 0.102071
7795 0.0282192 -0.0962825 0.137619 0.069556
7800 0.0361885 -0.132202 0.113559 0.0175456
7805 0.0370522 -0.165276 0.0793686 -0.0488552
7810 0.0311586 -0.18693 0.0439438 -0.111828
7815 0.0233984 -0.183177 0.0132548 -0.146524
7820 0.0181549 -0.148729 -0.00825187 -0.138826
7825 0.0132401 -0.0938892 -0.0171204 -0.0977696
7830 0.00029403 -0.0359423 -0.0138219 -0.0494702
7835 -0.0266868 0.0135005 -0.00301259 -0.0161989
7840 -0.0619339 0.0523428 0.00787675 -0.00171435
7845 -0.0911467 0.082614 0.0117536 0.00322092
7850 -0.103357 0.103949 0.00661556 0.00720743
7855 -0.0968449 0.112848 -0.00394281 0.0120606
7860 -0.0766105 0.10573 -0.0156861 0.0134339
7865 -0.0477089 0.0843302 -0.0237351 0.0128863
7870 -0.0136091 0.0595772 -0.0224284 0.0235398
7875 0.0207984 0.0445665 -0.0103727 0.0549922
7880 0.0509644 0.0446959 0.00599303 0.101653
7885 0.0742693 0.0586714 0.018968 0.151909
7890 0.0865704 0.0849754 0.0305243 0.20207
7895 0.0821167 0.122761 0.049294 0.254172
7900 0.0603656 0.166899 0.0822341 0.309499
7905 0.0294812 0.204911 0.125438 0.359831
7910 0.000240388 0.222198 0.16268 0.385119
7915 -0.0226575 0.20884 0.178156 0.364339
7920 -0.0400312 0.163062 0.169122 0.292153
7925 -0.0520277 0.0915496 0.147785 0.187307
7930 -0.0572797 0.00544211 0.126259 0.0744213
7935 -0.0570087 -0.0831176 0.103263 -0.0368637
7940 -0.0579771 -0.161465 0.07386 -0.145582
7945 -0.0672879 -0.219259 0.0392412 -0.247305
7950 -0.0822032 -0.250106 0.0062541 -0.326055
7955 -0.0895582 -0.250003 -0.0185401 -0.358102
7960 -0.076959 -0.218822 -0.0320653 -0.327846
7965 -0.0425362 -0.164604 -0.0334922 -0.240632
7970 0.00384134 -0.100979 -0.0243377 -0.121476
7975 0.0486388 -0.039864 -0.00983267 -0.00105787
7980 0.0824189 0.00904598 0.00148301 0.0929479
7985 0.100319 0.0359252 0.00273978 0.138984
7990 0.0974268 0.0359151 -0.00620537 0.127137
7995 0.0688361 0.0118298 -0.0201392 0.0605266
8000 0.0176467 -0.0311051 -0.0328784 -0.0463367
8005 -0.042364 -0.0868653 -0.0396996 -0.168929
8010 -0.091109 -0.148193 -0.0378741 -0.277176
8015 -0.113137 -0.205163 -0.0277356 -0.346036
8020 -0.106301 -0.242892 -0.015358 -0.364552
8025 -0.0782859 -0.247352 -0.00946782 -0.335106
8030 -0.0375514 -0.214966 -0.0126327 -0.26515
8035 0.0110686 -0.156774 -0.0191705 -0.164876
8040 0.0616085 -0.0935828 -0.0227299 -0.0547042
8045 0.103965 -0.0428351 -0.0231149 0.0380154
8050 0.129118 -0.0105489 -0.0215103 0.0970586
8055 0.135151 0.00356632 -0.0134995 0.125218
8060 0.126167 0.000430998 0.0062443 0.132842
8065 0.106854 -0.0166118 0.0347114 0.124954
8070 0.0793938 -0.0401366 0.0583331 0.0975903
8075 0.0447244 -0.0588848 0.0616068 0.0474465
8080 0.00781219 -0.0614339 0.0398049 -0.0138168
8085 -0.0229643 -0.0454994 -0.00169093 -0.0701546
8090 -0.0440597 -0.0207232 -0.0547676 -0.11955
8095 -0.0573296 0.00108409 -0.110121 -0.166367
8100 -0.0655903 0.0137599 -0.154435 -0.206265
8105 -0.0690264 0.014814 -0.174675 -0.228888
8110 -0.0658906 0.00358234 -0.167684 -0.229992
8115 -0.0552604 -0.0151584 -0.142474 -0.212893
8120 -0.0378549 -0.0288681 -0.112597 -0.17932
8125 -0.0152588 -0.0213553 -0.0855823 -0.122196
8130 0.0125872 0.0182138 -0.0603241 -0.0295231
8135 0.045145 0.0894649 -0.0319319 0.102678
8140 0.0764067 0.182343 0.000552531 0.259302
8145 0.093776 0.284067 0.0303519 0.408195
8150 0.0852429 0.37905 0.0478932 0.512186
8155 0.048039 0.446829 0.0492673 0.544135
8160 -0.00918738 0.467931 0.0419223 0.500666
8165 -0.0706953 0.434898 0.0382591 0.402461
8170 -0.120864 0.359731 0.0456135 0.284481
8175 -0.146876 0.26525 0.0652452 0.18362
8180 -0.136745 0.169232 0.0967642 0.129252
8185 -0.0826318 0.0786221 0.139569 0.135559
8190 0.0110832 -0.00518677 0.186783 0.192679
8195 0.122229 -0.0795721 0.221533 0.26419
8200 0.220775 -0.139543 0.225605 0.306837
8205 0.285753 -0.181447 0.188413 0.29272
8210 0.311518 -0.206775 0.111106 0.215849
8215 0.304223 -0.222322 0.00688647 0.0887875
8220 0.272872 -0.234223 -0.106395 -0.0677451
8225 0.225611 -0.239989 -0.211685 -0.226064
8230 0.170795 -0.231313 -0.296406 -0.356924
8235 0.117321 -0.205411 -0.356044 -0.444133
8240 0.0708438 -0.16741 -0.392779 -0.489345
8245 0.0306274 -0.125228 -0.407243 -0.501844
8250 -0.00445519 -0.0858588 -0.394612 -0.484926
8255 -0.0311522 -0.05322 -0.350318 -0.43469
8260 -0.048127 -0.027439 -0.277767 -0.353333
8265 -0.0606608 -0.00683319 -0.189189 -0.256683
8270 -0.0793774 0.0105042 -0.0978562 -0.166729
8275 -0.113359 0.0258366 -0.0109885 -0.0985106
8280 -0.160948 0.0399434 0.0688745 -0.0521304
8285 -0.211304 0.0509982 0.136775 -0.0235306
8290 -0.255595 0.0532119 0.183329 -0.0190538
8295 -0.29057 0.0424261 0.202255 -0.0458888
8300 -0.313852 0.0233611 0.196322 -0.0941689
8305 -0.321114 0.00415006 0.173615 -0.143349
8310 -0.308011 -0.0141042 0.141678 -0.180437
8315 -0.277052 -0.0362086 0.107852 -0.205408
8320 -0.24105 -0.0635209 0.0799438 -0.224627
8325 -0.216256 -0.0921046 0.0595428 -0.248818
8330 -0.210046 -0.119999 0.0408927 -0.289152
8335 -0.21787 -0.14793 0.0178866 -0.347913
8340 -0.228779 -0.172271 -0.0114298 -0.41248
8345 -0.230909 -0.182519 -0.0449856 -0.458414
8350 -0.216074 -0.166064 -0.0803569 -0.462495
8355 -0.181835 -0.115958 -0.117356 -0.41515
8360 -0.129235 -0.0362289 -0.156976 -0.322439
8365 -0.0643518 0.0592918 -0.196032 -0.201092
8370 0.000963001 0.154724 -0.224187 -0.0685006
8375 0.0560349 0.237291 -0.22926 0.0640664
8380 0.0980044 0.293688 -0.207204 0.184488
8385 0.130118 0.31235 -0.163224 0.279244
8390 0.154519 0.290873 -0.101861 0.343531
8395 0.171068 0.23494 -0.02087 0.385138
8400 0.181318 0.153017 0.0828941 0.417229
8405 0.187601 0.0536932 0.201259 0.442554
8410 0.191567 -0.0501842 0.311156 0.452539
8415 0.193004 -0.141165 0.388262 0.440101
8420 0.186685 -0.204971 0.422594 0.404308
8425 0.167272 -0.234577 0.419477 0.352171
8430 0.135988 -0.229404 0.388713 0.295297
8435 0.0980883 -0.195741 0.334505 0.236852
8440 0.0580613 -0.145026 0.254885 0.167921
8445 0.0185292 -0.0881559 0.151294 0.081667
8450 -0.0171383 -0.0290858 0.0378488 -0.00837536
8455 -0.0450591 0.0328379 -0.0618876 -0.0741088
8460 -0.064139 0.0924391 -0.13146 -0.10316
8465 -0.0766704 0.137509 -0.173657 -0.112818
8470 -0.0839298 0.158141 -0.200856 -0.126645
8475 -0.0831315 0.151636 -0.21793 -0.149425
8480 -0.0703431 0.122571 -0.219156 -0.166928
8485 -0.0466339 0.0811982 -0.198623 -0.164058
8490 -0.0236501 0.042081 -0.158541 -0.14011
8495 -0.0157418 0.0195362 -0.10792 -0.104126
8500 -0.023746 0.0184641 -0.0565405 -0.0618224
8505 -0.0342852 0.0323799 -0.00825216 -0.0101575
8510 -0.0347218 0.0510436 0.039896 0.0562177
8515 -0.0220695 0.0659872 0.0895165 0.133434
8520 0.000651255 0.0733459 0.132939 0.206937
8525 0.0314587 0.0762478 0.157591 0.265297
8530 0.0695208 0.0819394 0.15769 0.309151
8535 0.10815 0.0923849 0.138565 0.3391
8540 0.134979 0.0991859 0.106049 0.340214
8545 0.138949 0.0891131 0.0604795 0.288542
8550 0.116068 0.0562609 0.00829012 0.180619
8555 0.0702612 0.00717227 -0.0361486 0.0412849
8560 0.0105501 -0.0423665 -0.0642262 -0.0960426
8565 -0.0487813 -0.0765947 -0.0750367 -0.200413
8570 -0.0898166 -0.0878041 -0.0713658 -0.248986
8575 -0.0996012 -0.0764779 -0.0573181 -0.233397
8580 -0.0776009 -0.047236 -0.0339714 -0.158808
8585 -0.0348339 -0.00468641 0.000147823 -0.0393725
8590 0.0121886 0.0451983 0.0423961 0.0997831
8595 0.0510756 0.0915863 0.082513 0.225175
8600 0.0787293 0.121921 0.103956 0.304607
8605 0.0974403 0.130231 0.0953711 0.323042
8610 0.107733 0.118703 0.0640342 0.29047
8615 0.107509 0.0943058 0.0298143 0.231629
8620 0.0975521 0.062355 0.00476623 0.164673
8625 0.0862551 0.0243303 -0.0167509 0.0938346
8630 0.0843222 -0.0188246 -0.0462347 0.0192628
8635 0.0942353 -0.0635754 -0.0850762 -0.0544164
8640 0.107968 -0.104353 -0.123839 -0.120224
8645 0.11551 -0.135046 -0.152911 -0.172447
8650 0.112246 -0.150446 -0.170182 -0.208381
8655 0.0973301 -0.149989 -0.179435 -0.232094
8660 0.0709519 -0.137815 -0.184691 -0.251554
8665 0.0357927 -0.118788 -0.183471 -0.266467
8670 0.000605236 -0.0971269 -0.169007 -0.265529
8675 -0.0209792 -0.0754986 -0.136093 -0.232571
8680 -0.0210627 -0.0539193 -0.0854915 -0.160474
8685 -0.00411088 -0.03035 -0.0241111 -0.058572
8690 0.0176112 -0.00379179 0.038593 0.0524124
8695 0.035461 0.0226255 0.0959002 0.153987
8700 0.0472513 0.0418983 0.145724 0.234874
8705 0.050708 0.0466255 0.186016 0.28335
8710 0.0434258 0.0337308 0.211903 0.289059
8715 0.02896 0.0053868 0.215481 0.249828
8720 0.0142687 -0.0335925 0.189177 0.169853
8725 0.00172891 -0.0757947 0.136284 0.0622185
8730 -0.0121494 -0.109352 0.0690473 -0.052454
8735 -0.0293621 -0.123672 -0.00345696 -0.156491
8740 -0.0443583 -0.116179 -0.0764653 -0.237003
8745 -0.050483 -0.0933265 -0.140947 -0.284757
8750 -0.0511379 -0.0673226 -0.183321 -0.301781
8755 -0.0574297 -0.0486669 -0.192944 -0.299041
8760 -0.075043 -0.0390069 -0.169904 -0.283953
8765 -0.0988708 -0.0338261 -0.128484 -0.261181
8770 -0.116496 -0.0292623 -0.0859914 -0.23175
8775 -0.116251 -0.0212637 -0.0511992 -0.188714
8780 -0.0941705 -0.00327546 -0.0263983 -0.123844
8785 -0.0543926 0.031118 -0.0147759 -0.0380505
8790 -0.00252789 0.0830319 -0.021523 0.0589811
8795 0.0568534 0.143497 -0.0457745 0.154576
8800 0.115813 0.194914 -0.0759991 0.234728
8805 0.160798 0.222837 -0.10009 0.283545
8810 0.176811 0.224955 -0.115802 0.285964
8815 0.155688 0.210848 -0.126377 0.24016
8820 0.10292 0.192048 -0.12972 0.165248
8825 0.0349635 0.170027 -0.12043 0.0845608
8830 -0.0317419 0.135205 -0.0988323 0.00463109
8835 -0.0878891 0.0768355 -0.0715175 -0.0825711
8840 -0.131031 -0.00450828 -0.0432548 -0.178794
8845 -0.15993 -0.095269 -0.0130785 -0.268278
8850 -0.172107 -0.177594 0.022536 -0.327164
8855 -0.165719 -0.23623 0.0653998 -0.336549
8860 -0.143988 -0.260626 0.11456 -0.290053
8865 -0.119253 -0.247392 0.168837 -0.197807
8870 -0.106528 -0.201996 0.227128 -0.0813961
8875 -0.110711 -0.135861 0.282041 0.0354697
8880 -0.120013 -0.0623002 0.318482 0.136169
8885 -0.114437 0.0026533 0.326185 0.214401
8890 -0.0809673 0.0455094 0.305619 0.270161
8895 -0.0218201 0.0631434 0.261884 0.303207
8900 0.0470761 0.060284 0.198406 0.305766
8905 0.106047 0.0469985 0.119442 0.272488
8910 0.14222 0.0370752 0.0377168 0.217012
8915 0.151731 0.0412358 -0.0280818 0.164885
8920 0.134491 0.0616 -0.063764 0.132327
8925 0.091348 0.0924401 -0.0677678 0.11602
8930 0.0254219 0.123673 -0.0489744 0.100121
8935 -0.0557442 0.144849 -0.0161518 0.0729533
8940 -0.14054 0.14855 0.0266833 0.0346929
8945 -0.21614 0.132899 0.0728284 -0.0104121
8950 -0.272112 0.103085 0.106404 -0.062623
8955 -0.301543 0.0681448 0.110545 -0.122852
8960 -0.300864 0.0369756 0.0808879 -0.183
8965 -0.271553 0.0148768 0.0280196 -0.228657
8970 -0.220211 -0.00204599 -0.0293549 -0.251611
8975 -0.154924 -0.0260423 -0.0770649 -0.258031
8980 -0.0852076 -0.0670534 -0.112609 -0.26487
8985 -0.026006 -0.12386 -0.140364 -0.290231
8990 0.00638491 -0.185365 -0.161951 -0.340931
8995 0.00627041 -0.234751 -0.17449 -0.40297
9000 -0.0158004 -0.253461 -0.178566 -0.447827
9005 -0.0418223 -0.229874 -0.17885 -0.450546
9010 -0.0597704 -0.166476 -0.175869 -0.402115
9015 -0.0647986 -0.079269 -0.167115 -0.311183
9020 -0.0512855 0.00965375 -0.154526 -0.196157
9025 -0.0139782 0.0842394 -0.143315 -0.0730539
9030 0.0460778 0.139479 -0.135715 0.0498423
9035 0.121718 0.175364 -0.128611 0.168471
9040 0.200918 0.18816 -0.11923 0.269848
9045 0.268775 0.171445 -0.109416 0.330804
9050 0.313231 0.125379 -0.101449 0.337161
9055 0.329746 0.0597816 -0.095683 0.293845
9060 0.321061 -0.0120895 -0.0912648 0.217706
9065 0.292507 -0.0798451 -0.0877787 0.124883
9070 0.247801 -0.136624 -0.0881016 0.0230749
9075 0.190646 -0.175809 -0.0934357 -0.0785994
9080 0.12696 -0.19172 -0.0974064 -0.162167
9085 0.0660448 -0.18277 -0.0913007 -0.208026
9090 0.018543 -0.154678 -0.0739042 -0.21004
9095 -0.0100299 -0.11921 -0.0501285 -0.179368
9100 -0.0236906 -0.0845478 -0.0224764 -0.130715
9105 -0.0298579 -0.0519689 0.00996641 -0.0718604
9110 -0.0301449 -0.0235355 0.0478057 -0.00587467
9115 -0.0240928 -0.00776518 0.0873784 0.0555204
9120 -0.0156777 -0.0123608 0.120596 0.092557
9125 -0.0128127 -0.0344053 0.139076 0.0918576
9130 -0.0208044 -0.0597044 0.142656 0.0621474
9135 -0.0394553 -0.0729164 0.138641 0.0262695
9140 -0.0644858 -0.0671305 0.133237 0.0016203
9145 -0.0887325 -0.0421464 0.128276 -0.00260314
9150 -0.105321 0.00106302 0.126332 0.0220735
9155 -0.11049 0.0588341 0.129799 0.0781435
9160 -0.10506 0.119128 0.133019 0.147088
9165 -0.0942069 0.16415 0.123166 0.193108
9170 -0.0818142 0.180465 0.0934678 0.192118
9175 -0.0652067 0.166634 0.0496875 0.151115
9180 -0.038663 0.134163 0.0038899 0.0993897
9185 -0.00267917 0.0991915 -0.0348268 0.0616855
9190 0.0366505 0.0710903 -0.0626635 0.0450773
9195 0.0742099 0.0498829 -0.0775142 0.0465787
9200 0.107546 0.033265 -0.0752631 0.0655479
9205 0.133965 0.0216512 -0.0539678 0.101649
9210 0.148937 0.0165306 -0.020789 0.144679
9215 0.148669 0.016771 0.0105822 0.176022
9220 0.133238 0.0187984 0.0324334 0.18447
9225 0.110011 0.0168858 0.0472057 0.174102
9230 0.0901039 0.00409127 0.0559297 0.150125
9235 0.0779401 -0.0210815 0.052814 0.109673
9240 0.0681975 -0.0471323 0.0347892 0.0558544
9245 0.0529647 -0.0530975 0.00680942 0.00667656
9250 0.0323624 -0.0263266 -0.0223484 -0.0163126
9255 0.0145803 0.0246732 -0.046335 -0.00708149
9260 0.00658361 0.0793707 -0.0649218 0.0210325
9265 0.00771713 0.120376 -0.0821031 0.0459902
9270 0.0139853 0.141697 -0.0993982 0.056284
9275 0.026402 0.147 -0.112683 0.0607191
9280 0.0480286 0.139834 -0.112851 0.0750119
9285 0.0760852 0.119793 -0.0901397 0.105738
9290 0.0989446 0.0872139 -0.0430422 0.143116
9295 0.104915 0.0480691 0.0192687 0.172253
9300 0.094255 0.014076 0.0817206 0.190052
9305 0.0776738 -0.00419787 0.131811 0.205287
9310 0.0644224 -0.00223725 0.166923 0.229108
9315 0.0575855 0.0196356 0.188705 0.265926
9320 0.0544652 0.0567116 0.193911 0.305088
9325 0.0498911 0.0988792 0.175949 0.32472
9330 0.0419864 0.134152 0.133433 0.309572
9335 0.0329784 0.154097 0.0751267 0.262202
9340 0.0267878 0.155676 0.0171226 0.199586
9345 0.0266028 0.138738 -0.0239336 0.141407
9350 0.0343298 0.101751 -0.0386653 0.0974158
9355 0.0499917 0.0439516 -0.0279551 0.0659882
9360 0.0692362 -0.0293435 -1.88081e-05 0.039874
9365 0.0824447 -0.105437 0.0344742 0.011482
9370 0.0797957 -0.168881 0.065462 -0.0236237
9375 0.0599977 -0.207658 0.0838793 -0.0637809
9380 0.0306538 -0.216924 0.086445 -0.0998247
9385 -0.000114722 -0.200009 0.0787038 -0.12142
9390 -0.0300417 -0.166308 0.0674772 -0.128872
9395 -0.0571796 -0.126854 0.0547717 -0.129262
9400 -0.0758919 -0.0919424 0.0414513 -0.126383
9405 -0.0845793 -0.0701493 0.0309061 -0.123823
9410 -0.0897115 -0.0638881 0.0263396 -0.12726
9415 -0.0992042 -0.067459 0.0286832 -0.13798
9420 -0.116089 -0.0744713 0.0367316 -0.153829
9425 -0.139238 -0.0836745 0.0477878 -0.175125
9430 -0.166783 -0.0962445 0.0577437 -0.205283
9435 -0.195624 -0.113609 0.0610191 -0.248214
9440 -0.221653 -0.134582 0.0558638 -0.300372
9445 -0.242099 -0.151023 0.049106 -0.344015
9450 -0.255635 -0.150293 0.0490815 -0.356846
9455 -0.25987 -0.125315 0.0565207 -0.328664
9460 -0.251566 -0.078375 0.0653583 -0.264582
9465 -0.225322 -0.016537 0.069748 -0.17211
9470 -0.174733 0.0477659 0.0672995 -0.0596675
9475 -0.0992812 0.0989016 0.0545274 0.0541477
9480 -0.00842732 0.127705 0.027211 0.146489
9485 0.0819862 0.135942 -0.0116655 0.206262
9490 0.155402 0.129382 -0.0498314 0.234952
9495 0.201919 0.111087 -0.0744355 0.23857
9500 0.219678 0.0843261 -0.0787593 0.225244
9505 0.211624 0.0571667 -0.0590992 0.209692
9510 0.183556 0.0412671 -0.0144506 0.210372
9515 0.141048 0.0486479 0.0479872 0.237683
9520 0.088676 0.0840951 0.113503 0.286275
9525 0.0322617 0.13787 0.165376 0.335507
9530 -0.0213414 0.191233 0.191222 0.361113
9535 -0.0667761 0.229275 0.186518 0.349016
9540 -0.102049 0.24811 0.151535 0.297596
9545 -0.12435 0.247985 0.0878184 0.211453
9550 -0.130568 0.227934 -0.000700831 0.0966654
9555 -0.121442 0.185063 -0.104972 -0.0413514
9560 -0.0985031 0.118658 -0.209195 -0.18904
9565 -0.0614371 0.0377592 -0.295347 -0.319025
9570 -0.0146995 -0.0373048 -0.349338 -0.401342
9575 0.0266148 -0.0855253 -0.36267 -0.421581
9580 0.0440083 -0.101793 -0.329759 -0.387543
9585 0.0311823 -0.100028 -0.253332 -0.322177
9590 -0.000496788 -0.096228 -0.151197 -0.247922
9595 -0.0314565 -0.0967049 -0.0495681 -0.17773
9600 -0.0476093 -0.100759 0.0327461 -0.115622
9605 -0.0481018 -0.106964 0.0914907 -0.0635753
9610 -0.039956 -0.115966 0.126873 -0.0290484
9615 -0.0283389 -0.127336 0.136499 -0.0191753
9620 -0.0122001 -0.136636 0.121749 -0.0270872
9625 0.0135075 -0.139852 0.0923581 -0.0339869
9630 0.0508254 -0.135732 0.0613154 -0.0235914
9635 0.0935992 -0.124502 0.0373572 0.00645396
9640 0.129745 -0.107603 0.0218897 0.0440311
9645 0.150962 -0.089465 0.0146856 0.0761828
9650 0.156423 -0.0749427 0.0180036 0.0994843
9655 0.148933 -0.0619042 0.0334125 0.120442
9660 0.130642 -0.0434104 0.0563624 0.143594
9665 0.104719 -0.0186712 0.0789572 0.165005
9670 0.0791655 0.00372441 0.0976069 0.180497
9675 0.0619499 0.0116762 0.114862 0.188488
9680 0.0542836 -0.00102438 0.135499 0.188759
9685 0.0546676 -0.0281936 0.161375 0.187849
9690 0.0616497 -0.0574527 0.184241 0.188438
9695 0.0717197 -0.0804927 0.188999 0.180226
9700 0.0795044 -0.0949874 0.171503 0.15602
9705 0.083104 -0.0995151 0.142758 0.126347
9710 0.0865989 -0.0896865 0.116912 0.113824
9715 0.0939697 -0.0592776 0.100439 0.135131
9720 0.103264 -0.00623982 0.0864672 0.183491
9725 0.107782 0.0602372 0.0628115 0.230831
9730 0.101079 0.119617 0.0260721 0.246768
9735 0.0811594 0.151645 -0.016919 0.215886
9740 0.051424 0.150307 -0.0579732 0.143758
9745 0.0165777 0.12371 -0.0945845 0.0457033
9750 -0.0227352 0.0829454 -0.128982 -0.068772
9755 -0.0677012 0.0362647 -0.162637 -0.194073
9760 -0.114216 -0.0110433 -0.187767 -0.313026
9765 -0.150152 -0.0565729 -0.187843 -0.394568
9770 -0.163501 -0.0999258 -0.152793 -0.41622
9775 -0.152651 -0.140142 -0.0916069 -0.384399
9780 -0.125648 -0.174129 -0.0286191 -0.328397
9785 -0.0903611 -0.199003 0.0121468 -0.277217
9790 -0.050324 -0.213611 0.0209773 -0.242958
9795 -0.00832607 -0.21944 0.000706258 -0.22706
9800 0.0302927 -0.219172 -0.0423849 -0.231264
9805 0.0582746 -0.211677 -0.10273 -0.256132
9810 0.06889 -0.194325 -0.173454 -0.298889
9815 0.0612059 -0.166538 -0.241131 -0.346463
9820 0.0380334 -0.127294 -0.288414 -0.377675
9825 0.000622754 -0.074495 -0.30725 -0.381122
9830 -0.0490164 -0.00914509 -0.306923 -0.365085
9835 -0.103659 0.0613911 -0.29903 -0.341298
9840 -0.152213 0.124313 -0.282871 -0.310771
9845 -0.184363 0.168268 -0.249133 -0.265229
9850 -0.195627 0.189239 -0.189842 -0.19623
9855 -0.187699 0.190676 -0.107896 -0.104919
9860 -0.165194 0.181071 -0.0171215 -0.00124406
9865 -0.134812 0.168668 0.0696596 0.103515
9870 -0.106805 0.155901 0.145503 0.194599
9875 -0.0939584 0.142874 0.204729 0.253645
9880 -0.104525 0.131877 0.24076 0.268112
9885 -0.135406 0.123053 0.246012 0.233659
9890 -0.173461 0.113317 0.220916 0.160772
9895 -0.202812 0.100656 0.179202 0.0770457
9900 -0.213336 0.0876243 0.137967 0.0122554
9905 -0.203962 0.0807527 0.107287 -0.015923
9910 -0.179361 0.0852465 0.0855499 -0.00856495
9915 -0.139876 0.100739 0.0638823 0.024745
9920 -0.0784782 0.121308 0.0360374 0.078867
9925 0.0056138 0.138669 0.002693 0.146975
9930 0.0978149 0.144762 -0.0299151 0.212662
9935 0.175891 0.137241 -0.0553647 0.257768
9940 0.223602 0.123724 -0.0701337 0.277192
9945 0.238081 0.115173 -0.0731032 0.28015
9950 0.224309 0.116197 -0.0660845 0.274421
9955 0.188341 0.12676 -0.0520179 0.263083
9960 0.138004 0.144546 -0.033519 0.249031
9965 0.0822089 0.165208 -0.0130814 0.234335
9970 0.0300351 0.181116 0.00369006 0.214841
9975 -0.00774333 0.182134 0.0108994 0.18529
9980 -0.0238783 0.1624 0.00798801 0.14651
9985 -0.0223999 0.122971 -0.000187456 0.100384
9990 -0.0170065 0.0669489 -0.00815365 0.0417888
9995 -0.0204408 -0.00306405 -0.0148519 -0.0383567
10000 -0.0348892 -0.0820489 -0.0216549 -0.138593
