# Time-averaged data for fix out_vacf
Step VACF_x VACF_y VACF_z VACF_total
0 6.33761 6.54821 6.48147 19.3673
5 6.061 6.35055 6.1999 18.6114
10 5.24702 5.58652 5.37273 16.2063
15 4.02325 4.3788 4.12146 12.5235
20 2.56803 2.90615 2.62244 8.09662
25 1.07433 1.36818 1.07146 3.51397
30 -0.280692 -0.0480155 -0.347896 -0.676604
35 -1.35887 -1.19557 -1.48956 -4.04401
40 -2.07853 -1.98806 -2.263 -6.32959
45 -2.42076 -2.40832 -2.64366 -7.47275
50 -2.42422 -2.49668 -2.672 -7.5929
55 -2.1718 -2.32902 -2.43535 -6.93617
60 -1.77169 -1.99604 -2.03991 -5.80764
65 -1.32971 -1.58954 -1.58804 -4.50729
70 -0.925856 -1.19106 -1.16619 -3.28311
75 -0.606348 -0.858287 -0.834275 -2.29891
80 -0.391152 -0.618921 -0.618006 -1.62808
85 -0.282164 -0.475188 -0.514596 -1.27195
90 -0.264001 -0.410415 -0.503864 -1.17828
95 -0.307271 -0.394468 -0.554015 -1.25575
100 -0.376675 -0.392364 -0.625826 -1.39486
105 -0.438184 -0.376916 -0.680914 -1.49601
110 -0.462678 -0.337472 -0.692948 -1.4931
115 -0.431518 -0.279175 -0.652962 -1.36365
120 -0.342077 -0.215489 -0.56502 -1.12259
125 -0.209036 -0.158874 -0.439526 -0.807436
130 -0.0625909 -0.115274 -0.290656 -0.46852
135 0.0612016 -0.0867163 -0.137587 -0.163102
140 0.132979 -0.0777723 -0.0031723 0.0520341
145 0.137186 -0.0916718 0.0939215 0.139436
150 0.075092 -0.120642 0.14852 0.10297
155 -0.0367796 -0.148608 0.168979 -0.0164089
160 -0.170739 -0.16476 0.168109 -0.167391
165 -0.295821 -0.168214 0.156806 -0.307229
170 -0.385635 -0.162678 0.142133 -0.406181
175 -0.422964 -0.149735 0.127184 -0.445515
180 -0.40554 -0.127885 0.11181 -0.421614
185 -0.345959 -0.0976794 0.0964247 -0.347214
190 -0.261016 -0.0658416 0.0852035 -0.241654
195 -0.164884 -0.0437943 0.0828453 -0.125833
200 -0.0710066 -0.0393154 0.0885576 -0.0217644
205 0.00622024 -0.0522349 0.0984836 0.052469
210 0.05711 -0.0790405 0.108677 0.0867462
215 0.0832224 -0.116427 0.115471 0.0822657
220 0.0918193 -0.157641 0.11794 0.0521178
225 0.086342 -0.190182 0.118825 0.0149847
230 0.0703127 -0.200876 0.122497 -0.00806636
235 0.0500146 -0.183343 0.131893 -0.00143519
240 0.0298149 -0.142521 0.143514 0.030808
245 0.0104121 -0.0926125 0.14514 0.0629391
250 -0.0117678 -0.0479522 0.121852 0.0621324
255 -0.0453507 -0.0160779 0.0650449 0.0036163
260 -0.0981737 0.000835295 -0.0222244 -0.119563
265 -0.16915 0.000119497 -0.128077 -0.297108
270 -0.247216 -0.0208488 -0.23738 -0.505445
275 -0.315686 -0.0582674 -0.335173 -0.709127
280 -0.359894 -0.100258 -0.408487 -0.868639
285 -0.372818 -0.133918 -0.448695 -0.955431
290 -0.352938 -0.152401 -0.453734 -0.959073
295 -0.298774 -0.153811 -0.428833 -0.881418
300 -0.209787 -0.138074 -0.383953 -0.731814
305 -0.092863 -0.10477 -0.329008 -0.526641
310 0.0346005 -0.0547975 -0.269917 -0.290114
315 0.150531 0.00584012 -0.208629 -0.0522581
320 0.23862 0.0657608 -0.148344 0.156037
325 0.290478 0.115486 -0.094104 0.31186
330 0.301446 0.153028 -0.0460415 0.408432
335 0.272231 0.179402 0.000521589 0.452154
340 0.212464 0.192979 0.0471389 0.452581
345 0.136524 0.19103 0.0868508 0.414405
350 0.0578782 0.176598 0.107708 0.342185
355 -0.014219 0.160299 0.100764 0.246844
360 -0.0737547 0.153079 0.0660775 0.145401
365 -0.116015 0.159057 0.0141978 0.0572393
370 -0.138375 0.177638 -0.036578 0.00268566
375 -0.140082 0.206385 -0.0700758 -0.00377312
380 -0.124556 0.239291 -0.0800445 0.0346903
385 -0.0986233 0.26603 -0.067892 0.0995151
390 -0.0641898 0.273757 -0.0372823 0.172284
395 -0.0182343 0.25376 0.00839005 0.243916
400 0.0348352 0.204004 0.0661229 0.304962
405 0.0792692 0.129866 0.130423 0.339558
410 0.100011 0.0458576 0.191261 0.33713
415 0.093789 -0.0284945 0.236451 0.301746
420 0.0656658 -0.0789617 0.256289 0.242993
425 0.020985 -0.104511 0.247253 0.163727
430 -0.0356146 -0.114973 0.211267 0.0606792
435 -0.0978654 -0.118683 0.150914 -0.0656341
440 -0.155271 -0.115621 0.0693801 -0.201512
445 -0.193394 -0.107163 -0.0246474 -0.325204
450 -0.200901 -0.103242 -0.117564 -0.421707
455 -0.174196 -0.115126 -0.194147 -0.483469
460 -0.1206 -0.147168 -0.242084 -0.509852
465 -0.0571738 -0.193041 -0.256053 -0.506268
470 4.37192e-05 -0.23756 -0.237768 -0.475284
475 0.0453024 -0.265981 -0.19209 -0.412769
480 0.0801993 -0.273096 -0.124571 -0.317467
485 0.106394 -0.262989 -0.0433949 -0.19999
490 0.120374 -0.240018 0.039559 -0.0800854
495 0.113409 -0.202045 0.110441 0.0218049
500 0.0816049 -0.146158 0.158225 0.0936712
505 0.0337564 -0.0790612 0.179965 0.134661
510 -0.0133168 -0.0178689 0.178452 0.147267
515 -0.0466317 0.0195349 0.157344 0.130247
520 -0.0639738 0.0261932 0.120675 0.0828946
525 -0.0718047 0.0081978 0.072902 0.00929512
530 -0.0751619 -0.0259228 0.0203418 -0.0807428
535 -0.0710897 -0.0740167 -0.0277747 -0.172881
540 -0.0528558 -0.134316 -0.0616532 -0.248825
545 -0.0190689 -0.195832 -0.0722962 -0.287198
550 0.0210169 -0.240445 -0.0541093 -0.273538
555 0.0533977 -0.254414 -0.00891741 -0.209934
560 0.0736605 -0.2368 0.0524891 -0.110651
565 0.0888445 -0.193289 0.110454 0.00600937
570 0.107228 -0.12557 0.142379 0.124036
575 0.131065 -0.0352514 0.137013 0.232827
580 0.157722 0.0666584 0.0995888 0.323969
585 0.183637 0.163376 0.0409933 0.388007
590 0.2069 0.244336 -0.0329866 0.418249
595 0.226994 0.306262 -0.117054 0.416201
600 0.24062 0.348482 -0.199079 0.390022
605 0.240608 0.370291 -0.261298 0.3496
610 0.219159 0.36886 -0.287161 0.300859
615 0.172785 0.340394 -0.270194 0.242984
620 0.107531 0.284824 -0.216931 0.175424
625 0.0387354 0.209473 -0.141566 0.106642
630 -0.0162864 0.129747 -0.0582329 0.0552281
635 -0.047414 0.0585559 0.0250736 0.0362155
640 -0.0526589 -0.00169122 0.104179 0.0498292
645 -0.0348047 -0.0521609 0.172414 0.0854481
650 0.00106311 -0.0899228 0.220412 0.131553
655 0.044743 -0.111671 0.245673 0.178745
660 0.0817315 -0.117619 0.253745 0.217857
665 0.0994441 -0.109906 0.249689 0.239227
670 0.0922497 -0.0908187 0.232303 0.233734
675 0.0608519 -0.0614202 0.195554 0.194985
680 0.00666838 -0.0187586 0.133971 0.121881
685 -0.0681821 0.0397484 0.0488521 0.0204184
690 -0.154611 0.109804 -0.0485937 -0.0934013
695 -0.236231 0.179841 -0.142604 -0.198994
700 -0.298465 0.237054 -0.221509 -0.28292
705 -0.336533 0.271534 -0.279496 -0.344495
710 -0.353313 0.277454 -0.309045 -0.384904
715 -0.350662 0.253863 -0.299356 -0.396155
720 -0.326628 0.203214 -0.246798 -0.370212
725 -0.28262 0.130756 -0.160989 -0.312853
730 -0.227818 0.0475666 -0.0618497 -0.242101
735 -0.173532 -0.0269908 0.028129 -0.172394
740 -0.125605 -0.0736987 0.0893592 -0.109945
745 -0.083615 -0.0852887 0.111978 -0.0569253
750 -0.0453469 -0.0688384 0.0996797 -0.0145055
755 -0.00954373 -0.0365918 0.0644582 0.0183227
760 0.0205898 0.00140052 0.0162272 0.0382175
765 0.0373442 0.0377001 -0.0424614 0.0325829
770 0.0373045 0.067266 -0.108362 -0.00379141
775 0.0287456 0.0851142 -0.170061 -0.0562008
780 0.0251741 0.086971 -0.213489 -0.101344
785 0.0340239 0.0748359 -0.232834 -0.123974
790 0.0539952 0.0548162 -0.233109 -0.124298
795 0.0799077 0.0285565 -0.22351 -0.115046
800 0.111372 -0.00744282 -0.209165 -0.105235
805 0.152528 -0.0530144 -0.185907 -0.0863931
810 0.200711 -0.098301 -0.144206 -0.0417954
815 0.23992 -0.129879 -0.0798052 0.030236
820 0.250209 -0.142139 -8.36203e-05 0.107986
825 0.223858 -0.137453 0.0793923 0.165797
830 0.171399 -0.12027 0.141717 0.192846
835 0.110715 -0.0934045 0.173505 0.190816
840 0.0524138 -0.058201 0.169992 0.164205
845 -0.0019351 -0.0179598 0.136817 0.116923
850 -0.0505246 0.0183084 0.0856993 0.0534831
855 -0.0850398 0.0397971 0.0279719 -0.0172707
860 -0.0973204 0.0429928 -0.0266777 -0.0810053
865 -0.0879739 0.0337792 -0.0668761 -0.121071
870 -0.0666674 0.0220286 -0.0789786 -0.123617
875 -0.0440199 0.0141069 -0.0541703 -0.0840834
880 -0.0227754 0.0140296 0.00165007 -0.00709575
885 -0.00152676 0.0253098 0.0681459 0.091929
890 0.0176436 0.049251 0.121621 0.188516
895 0.0335649 0.0814007 0.146881 0.261847
900 0.0517404 0.11342 0.140919 0.306079
905 0.079455 0.138634 0.10844 0.326529
910 0.115206 0.154566 0.0551374 0.324909
915 0.145529 0.159663 -0.0117293 0.293462
920 0.155382 0.148451 -0.0775575 0.226275
925 0.139916 0.116689 -0.123088 0.133517
930 0.108906 0.0678908 -0.136182 0.0406144
935 0.0794501 0.0104666 -0.117877 -0.0279605
940 0.0602232 -0.0489972 -0.0788263 -0.0676003
945 0.0449732 -0.108388 -0.0320926 -0.095507
950 0.0241668 -0.168445 0.0115102 -0.132768
955 -0.00386352 -0.228005 0.0447724 -0.187097
960 -0.0348916 -0.280682 0.0628844 -0.25269
965 -0.0687922 -0.316174 0.063624 -0.321343
970 -0.108843 -0.326929 0.0473911 -0.38838
975 -0.152956 -0.311719 0.0150669 -0.449608
980 -0.195049 -0.273282 -0.0307202 -0.499052
985 -0.229967 -0.215451 -0.082492 -0.52791
990 -0.252898 -0.144094 -0.126223 -0.523214
995 -0.25978 -0.0711364 -0.148074 -0.47899
1000 -0.247417 -0.0109483 -0.141281 -0.399646
1005 -0.211325 0.027001 -0.105636 -0.28996
1010 -0.145828 0.0398544 -0.0473078 -0.153282
1015 -0.0522619 0.0278441 0.021085 -0.00333277
1020 0.054709 -0.0056433 0.0842669 0.133333
1025 0.154861 -0.050718 0.132321 0.236464
1030 0.231377 -0.0917263 0.164397 0.304048
1035 0.27108 -0.11479 0.185147 0.341436
1040 0.265083 -0.113982 0.202079 0.35318
1045 0.211032 -0.0924809 0.2239 0.342451
1050 0.115246 -0.0592331 0.254707 0.31072
1055 -0.0041915 -0.0239603 0.290284 0.262132
1060 -0.118957 0.00504153 0.319577 0.205662
1065 -0.201772 0.0233636 0.333221 0.154812
1070 -0.23777 0.0307474 0.327387 0.120364
1075 -0.2247 0.0311582 0.302733 0.109191
1080 -0.166347 0.0349902 0.2635 0.132143
1085 -0.0723792 0.0541924 0.213847 0.19566
1090 0.0357911 0.0936445 0.155834 0.28527
1095 0.128215 0.146916 0.0939656 0.369097
1100 0.179515 0.19974 0.0370573 0.416312
1105 0.181349 0.239232 -0.00617616 0.414405
1110 0.144055 0.258666 -0.0320355 0.370686
1115 0.0850014 0.254597 -0.0433807 0.296218
1120 0.0176904 0.223854 -0.0471907 0.194354
1125 -0.047521 0.167307 -0.0501107 0.0696757
1130 -0.100136 0.0935077 -0.0567371 -0.0633656
1135 -0.130409 0.016866 -0.0708549 -0.184398
1140 -0.132858 -0.0469161 -0.0922717 -0.272046
1145 -0.107644 -0.0881489 -0.115804 -0.311597
1150 -0.0606695 -0.107168 -0.133491 -0.301329
1155 -0.00266222 -0.110308 -0.138224 -0.251194
1160 0.0545093 -0.104164 -0.127419 -0.177074
1165 0.0994918 -0.0910089 -0.102609 -0.0941262
1170 0.121689 -0.0706809 -0.0677215 -0.0167138
1175 0.115328 -0.043724 -0.0272056 0.0443984
1180 0.0843224 -0.0110244 0.0173426 0.0906406
1185 0.042311 0.0253327 0.0632659 0.13091
1190 0.00385334 0.0612703 0.102426 0.167549
1195 -0.0235018 0.0910627 0.125583 0.193144
1200 -0.0394672 0.109869 0.128933 0.199335
1205 -0.0482012 0.115821 0.117534 0.185154
1210 -0.0549609 0.110238 0.101264 0.15654
1215 -0.0613164 0.0967366 0.0850541 0.120474
1220 -0.0628164 0.0793493 0.0669876 0.0835206
1225 -0.0535546 0.0640846 0.0435219 0.054052
1230 -0.0332511 0.0584149 0.0147914 0.0399551
1235 -0.00707981 0.0669362 -0.0145562 0.0453001
1240 0.0210198 0.0872763 -0.0414338 0.0668623
1245 0.0501564 0.110694 -0.0680783 0.0927721
1250 0.0778561 0.126289 -0.0964317 0.107714
1255 0.099082 0.12527 -0.124479 0.0998735
1260 0.111497 0.101922 -0.149981 0.0634372
1265 0.119216 0.0530409 -0.172176 8.0933e-05
1270 0.128764 -0.0193092 -0.19127 -0.0818154
1275 0.142261 -0.105785 -0.207446 -0.17097
1280 0.155652 -0.192934 -0.216618 -0.2539
1285 0.160374 -0.266831 -0.210131 -0.316587
1290 0.149455 -0.318988 -0.183441 -0.352974
1295 0.124335 -0.347395 -0.1417 -0.364759
1300 0.0941623 -0.351921 -0.0965506 -0.354309
1305 0.0678733 -0.331699 -0.0584721 -0.322298
1310 0.0503407 -0.287567 -0.0304191 -0.267645
1315 0.0437319 -0.227257 -0.0100928 -0.193618
1320 0.0471848 -0.163406 0.00639415 -0.109828
1325 0.0572248 -0.10449 0.023364 -0.0239009
1330 0.0678206 -0.0527463 0.0434603 0.0585346
1335 0.0720013 -0.00703801 0.0645603 0.129524
1340 0.0625452 0.0317402 0.0808071 0.175093
1345 0.0327292 0.0575433 0.0905494 0.180822
1350 -0.0197554 0.0658842 0.0973818 0.143511
1355 -0.088055 0.0610904 0.102318 0.0753538
1360 -0.155245 0.0536532 0.101338 -0.000254015
1365 -0.200719 0.050582 0.0900288 -0.0601081
1370 -0.210681 0.0535772 0.0689432 -0.0881602
1375 -0.185053 0.0642325 0.0460034 -0.0748171
1380 -0.133979 0.0836067 0.030265 -0.0201071
1385 -0.0679234 0.10685 0.0230236 0.0619497
1390 0.00607563 0.123303 0.0176885 0.147067
1395 0.0808898 0.124288 0.00832177 0.2135
1400 0.147233 0.110626 0.000642949 0.258502
1405 0.193843 0.0898141 0.00845626 0.292114
1410 0.211634 0.0687731 0.0402577 0.320665
1415 0.199128 0.0509079 0.0893886 0.339424
1420 0.16232 0.0382303 0.138741 0.339291
1425 0.109229 0.0333228 0.176348 0.3189
1430 0.04427 0.0377567 0.202424 0.284451
1435 -0.03031 0.0477515 0.220432 0.237873
1440 -0.108596 0.054316 0.227284 0.173004
1445 -0.180252 0.0506594 0.215212 0.0856195
1450 -0.2351 0.0378575 0.182845 -0.0143974
1455 -0.268656 0.0218617 0.139994 -0.1068
1460 -0.282072 0.00848458 0.0996723 -0.173915
1465 -0.278282 -0.00090572 0.0687818 -0.210406
1470 -0.260353 -0.00703353 0.0492866 -0.2181
1475 -0.233901 -0.00626522 0.0405704 -0.199596
1480 -0.204874 0.0038367 0.0376386 -0.163398
1485 -0.176072 0.0163816 0.0341779 -0.125513
1490 -0.145958 0.0228286 0.0256468 -0.0974824
1495 -0.112238 0.0244786 0.0109018 -0.0768573
1500 -0.0747713 0.0309408 -0.00821816 -0.0520487
1505 -0.0328279 0.0482766 -0.0286393 -0.0131907
1510 0.0162675 0.0726604 -0.0487247 0.0402032
1515 0.0740038 0.0957543 -0.0712234 0.0985347
1520 0.137885 0.110871 -0.0976734 0.151082
1525 0.200666 0.113102 -0.121053 0.192715
1530 0.253098 0.101241 -0.132578 0.221761
1535 0.2893 0.0786097 -0.131596 0.236314
1540 0.306428 0.0502773 -0.126161 0.230544
1545 0.300593 0.0214022 -0.125563 0.196432
1550 0.267795 -9.77152e-05 -0.134347 0.13335
1555 0.209022 -0.00660346 -0.150528 0.0518904
1560 0.131827 0.00158953 -0.168983 -0.0355659
1565 0.0481045 0.0142016 -0.187837 -0.125531
1570 -0.0306537 0.0190196 -0.206031 -0.217665
1575 -0.098156 0.0121365 -0.215149 -0.301168
1580 -0.151152 0.000108268 -0.199996 -0.35104
1585 -0.186173 -0.00617769 -0.151164 -0.343515
1590 -0.20112 -0.000734641 -0.0753429 -0.277197
1595 -0.196213 0.0148293 0.00777763 -0.173606
1600 -0.172833 0.0333747 0.0761746 -0.0632833
1605 -0.134018 0.0461551 0.114894 0.0270318
1610 -0.0845899 0.048894 0.119273 0.0835772
1615 -0.0318437 0.0426957 0.0911289 0.101981
1620 0.011725 0.0307708 0.0364011 0.078897
1625 0.0329871 0.0171546 -0.0341334 0.0160083
1630 0.0290066 0.006365 -0.107101 -0.0717289
1635 0.0103065 0.000723127 -0.169308 -0.158279
1640 -0.00872507 -0.00314756 -0.210498 -0.222371
1645 -0.0197929 -0.0130633 -0.224273 -0.257129
1650 -0.0231125 -0.0351733 -0.208097 -0.266383
1655 -0.0227097 -0.0708852 -0.163928 -0.257523
1660 -0.0205576 -0.115138 -0.0976918 -0.233387
1665 -0.0173969 -0.157125 -0.0174565 -0.191978
1670 -0.0171485 -0.185348 0.0655774 -0.136919
1675 -0.0249295 -0.194346 0.136079 -0.0831964
1680 -0.0407615 -0.18772 0.178711 -0.0497707
1685 -0.0569656 -0.173112 0.186494 -0.0435836
1690 -0.0633378 -0.154349 0.165301 -0.0523859
1695 -0.0538838 -0.129489 0.12972 -0.0536528
1700 -0.0275296 -0.0950754 0.0943665 -0.0282385
1705 0.0112908 -0.0528532 0.067415 0.0258526
1710 0.0542912 -0.0109216 0.0517647 0.0951344
1715 0.0953962 0.0217662 0.049727 0.166889
1720 0.133525 0.0440047 0.0628975 0.240427
1725 0.167877 0.0621156 0.088144 0.318137
1730 0.191537 0.0798247 0.117922 0.389284
1735 0.193623 0.0960062 0.14271 0.432338
1740 0.172272 0.107888 0.153521 0.43368
1745 0.140461 0.110769 0.145572 0.396802
1750 0.11466 0.0975535 0.121694 0.333907
1755 0.100859 0.064264 0.0896058 0.254728
1760 0.0941467 0.0136979 0.0576515 0.165496
1765 0.0874363 -0.0471004 0.0328215 0.0731574
1770 0.0781698 -0.107858 0.0194361 -0.0102524
1775 0.0672514 -0.154367 0.0200033 -0.0671123
1780 0.0539788 -0.172694 0.0371076 -0.0816077
1785 0.0327784 -0.15769 0.0690147 -0.0558972
1790 -0.00376393 -0.117373 0.10353 -0.017606
1795 -0.0565272 -0.0675701 0.120815 -0.00328255
1800 -0.114217 -0.0230527 0.107489 -0.0297809
1805 -0.161771 0.00870112 0.0669756 -0.0860948
1810 -0.189928 0.0299382 0.013535 -0.146455
1815 -0.19665 0.0466882 -0.0380681 -0.18803
1820 -0.182482 0.0623373 -0.0780827 -0.198227
1825 -0.144852 0.0761018 -0.101983 -0.170733
1830 -0.0797147 0.0862742 -0.110491 -0.103932
1835 0.0120676 0.0920247 -0.107547 -0.00345468
1840 0.11938 0.0910472 -0.0962771 0.11415
1845 0.221787 0.0798164 -0.0811744 0.220429
1850 0.297577 0.0599512 -0.07253 0.284998
1855 0.331968 0.0430344 -0.0791327 0.29587
1860 0.320037 0.0422998 -0.098635 0.263702
1865 0.266842 0.0607844 -0.119475 0.208151
1870 0.187385 0.0914637 -0.132802 0.146047
1875 0.101703 0.124816 -0.140689 0.0858298
1880 0.0267946 0.15302 -0.150595 0.0292199
1885 -0.027782 0.172893 -0.162525 -0.0174142
1890 -0.058282 0.184209 -0.167045 -0.0411181
1895 -0.0634231 0.183337 -0.152274 -0.0323595
1900 -0.0466805 0.162053 -0.112649 0.00272369
1905 -0.0210464 0.115917 -0.0558176 0.0390534
1910 -0.00596214 0.050941 0.00394288 0.0489217
1915 -0.0134292 -0.02203 0.0585797 0.0231205
1920 -0.0390831 -0.0962925 0.107528 -0.027848
1925 -0.0708413 -0.16977 0.148779 -0.0918327
1930 -0.10498 -0.240186 0.174967 -0.1702
1935 -0.148217 -0.30376 0.17889 -0.273087
1940 -0.20419 -0.354653 0.159133 -0.39971
1945 -0.264373 -0.386296 0.117939 -0.53273
1950 -0.313891 -0.395293 0.0583733 -0.650811
1955 -0.339947 -0.38052 -0.0149908 -0.735458
1960 -0.333341 -0.34011 -0.0921326 -0.765584
1965 -0.289723 -0.274651 -0.15893 -0.723304
1970 -0.210789 -0.193781 -0.204246 -0.608816
1975 -0.103943 -0.113199 -0.22508 -0.442222
1980 0.0175567 -0.0450506 -0.223427 -0.250921
1985 0.134377 0.00590127 -0.201297 -0.0610194
1990 0.22572 0.0408177 -0.163262 0.103276
1995 0.278526 0.0639147 -0.117239 0.225202
2000 0.291538 0.0786978 -0.0691805 0.301056
2005 0.272272 0.0874795 -0.0194679 0.340283
2010 0.230527 0.0937429 0.0337751 0.358045
2015 0.17441 0.101792 0.0886974 0.364899
2020 0.111643 0.112421 0.139475 0.363539
2025 0.049099 0.121549 0.182553 0.353201
2030 -0.00793659 0.125474 0.218651 0.336188
2035 -0.0565573 0.124098 0.246296 0.313837
2040 -0.0984887 0.120721 0.260608 0.28284
2045 -0.137539 0.119525 0.259052 0.241038
2050 -0.17455 0.121354 0.244534 0.191338
2055 -0.205289 0.124085 0.222375 0.141171
2060 -0.224169 0.125133 0.197088 0.0980527
2065 -0.22925 0.121627 0.16792 0.060297
2070 -0.222949 0.110053 0.128047 0.0151507
2075 -0.20675 0.0896057 0.0738691 -0.0432753
2080 -0.178733 0.0659403 0.0104352 -0.102357
2085 -0.138158 0.048624 -0.0535781 -0.143112
2090 -0.0891949 0.0403792 -0.111577 -0.160393
2095 -0.0373295 0.0331416 -0.159812 -0.164
2100 0.0127568 0.0204168 -0.1955 -0.162326
2105 0.0561122 0.0054471 -0.213556 -0.151997
2110 0.0894359 -0.00585731 -0.205232 -0.121654
2115 0.112754 -0.0134125 -0.166456 -0.0671146
2120 0.127421 -0.0215899 -0.106525 -0.000694124
2125 0.132426 -0.031649 -0.0434806 0.057296
2130 0.124368 -0.0381956 0.00746559 0.0936377
2135 0.101763 -0.0353103 0.0387211 0.105173
2140 0.0702983 -0.0245585 0.0490018 0.0947416
2145 0.0428648 -0.0148153 0.042043 0.0700925
2150 0.0317986 -0.0133228 0.0252131 0.0436888
2155 0.0379731 -0.0190849 0.006483 0.0253712
2160 0.0511459 -0.0234665 -0.0086183 0.0190612
2165 0.0591259 -0.0161446 -0.0175504 0.0254308
2170 0.054434 0.00449423 -0.0205603 0.0383679
2175 0.0373942 0.0262326 -0.0212547 0.042372
2180 0.014289 0.0320839 -0.0238655 0.0225074
2185 -0.00912002 0.0103241 -0.0264703 -0.0252662
2190 -0.0313958 -0.0417641 -0.0221773 -0.0953372
2195 -0.053403 -0.114597 -0.00865368 -0.176653
2200 -0.0757254 -0.190174 0.00915459 -0.256745
2205 -0.099776 -0.251859 0.0247021 -0.326933
2210 -0.129 -0.289282 0.0343244 -0.383958
2215 -0.163794 -0.294694 0.0403617 -0.418126
2220 -0.196353 -0.262623 0.0461368 -0.41284
2225 -0.214989 -0.194743 0.0486779 -0.361053
2230 -0.211868 -0.101873 0.042069 -0.271672
2235 -0.186157 8.51313e-05 0.0262742 -0.159797
2240 -0.142387 0.0955649 0.0115415 -0.0352807
2245 -0.0863704 0.173274 0.0112481 0.0981515
2250 -0.0229356 0.229129 0.0291738 0.235367
2255 0.0411963 0.261333 0.0561952 0.358725
2260 0.0958558 0.266649 0.0781955 0.4407
2265 0.131984 0.243181 0.0869326 0.462098
2270 0.148037 0.19125 0.0843223 0.423609
2275 0.151476 0.113705 0.0768551 0.342036
2280 0.150996 0.0214254 0.0660352 0.238457
2285 0.149573 -0.0638499 0.0461055 0.131829
2290 0.143788 -0.119161 0.0131964 0.0378233
2295 0.127774 -0.13287 -0.0276693 -0.0327657
2300 0.102241 -0.108623 -0.0636282 -0.0700104
2305 0.0760342 -0.0615528 -0.0819881 -0.0675066
2310 0.0577488 -0.0102841 -0.0803127 -0.032848
2315 0.0504416 0.0322402 -0.067593 0.0150888
2320 0.054289 0.0626133 -0.0545546 0.0623477
2325 0.0687143 0.0819539 -0.0454319 0.105236
2330 0.0929621 0.0908953 -0.0384971 0.14536
2335 0.123255 0.0903801 -0.0342414 0.179394
2340 0.152199 0.0850418 -0.036754 0.200487
2345 0.172981 0.0833946 -0.0474784 0.208897
2350 0.182296 0.0909154 -0.0607574 0.212454
2355 0.177773 0.105538 -0.0649746 0.218337
2360 0.154817 0.123983 -0.0518693 0.226931
2365 0.1123 0.146371 -0.0222278 0.236442
2370 0.0590763 0.172524 0.0162417 0.247842
2375 0.00822945 0.196457 0.0515973 0.256283
2380 -0.0317992 0.206605 0.0719928 0.246799
2385 -0.0589912 0.190606 0.0715911 0.203206
2390 -0.0745264 0.142963 0.0520943 0.120531
2395 -0.0809332 0.070216 0.02071 0.00999281
2400 -0.0809425 -0.0134893 -0.0126619 -0.107094
2405 -0.0768945 -0.0959079 -0.0418155 -0.214618
2410 -0.0701242 -0.168718 -0.0682524 -0.307095
2415 -0.0589696 -0.22401 -0.0966032 -0.379583
2420 -0.0373623 -0.252098 -0.127264 -0.416724
2425 -3.55669e-05 -0.245174 -0.15505 -0.40026
2430 0.0485473 -0.206003 -0.1711 -0.328556
2435 0.0952356 -0.150517 -0.164473 -0.219754
2440 0.127664 -0.0971808 -0.127483 -0.097
2445 0.139488 -0.0555262 -0.0602201 0.0237417
2450 0.12817 -0.0276355 0.0292152 0.129749
2455 0.0914725 -0.0147757 0.128873 0.205569
2460 0.0309993 -0.0177133 0.225174 0.23846
2465 -0.0408472 -0.0331808 0.303061 0.229033
2470 -0.104419 -0.0526912 0.347843 0.190732
2475 -0.146402 -0.0661831 0.348503 0.135918
2480 -0.168697 -0.067984 0.303494 0.0668135
2485 -0.1817 -0.0598148 0.224206 -0.0173084
2490 -0.190277 -0.047892 0.128345 -0.109823
2495 -0.191371 -0.0347712 0.03057 -0.195572
2500 -0.182376 -0.0147274 -0.0610071 -0.258111
2505 -0.163946 0.019177 -0.140878 -0.285647
2510 -0.136827 0.0666106 -0.200351 -0.270568
2515 -0.101482 0.120475 -0.227789 -0.208796
2520 -0.0586076 0.169943 -0.215103 -0.103767
2525 -0.0121586 0.201676 -0.166093 0.023425
2530 0.0278003 0.202446 -0.0976191 0.132627
2535 0.0490992 0.166287 -0.0312528 0.184134
2540 0.043632 0.0986387 0.0175011 0.159772
2545 0.0138795 0.0120754 0.0425374 0.0684923
2550 -0.0257755 -0.0777204 0.0433682 -0.0601278
2555 -0.0591738 -0.154501 0.0207017 -0.192973
2560 -0.0793187 -0.206855 -0.0224279 -0.308602
2565 -0.0879335 -0.229097 -0.0773718 -0.394403
2570 -0.0884459 -0.221855 -0.129683 -0.439984
2575 -0.0794915 -0.194024 -0.162885 -0.4364
2580 -0.0544266 -0.160826 -0.169081 -0.384334
2585 -0.00908876 -0.1355 -0.152717 -0.297306
2590 0.0498704 -0.118362 -0.119299 -0.187791
2595 0.105084 -0.0983265 -0.0664853 -0.0597275
2600 0.139325 -0.0658643 0.00933525 0.0827963
2605 0.147336 -0.0198918 0.103121 0.230564
2610 0.135925 0.0349692 0.199187 0.370081
2615 0.113792 0.0938848 0.276359 0.484036
2620 0.0863404 0.15217 0.317053 0.555563
2625 0.0549219 0.202323 0.316134 0.573379
2630 0.018927 0.235977 0.28157 0.536473
2635 -0.0209628 0.247169 0.227689 0.453896
2640 -0.0629491 0.232087 0.164484 0.333622
2645 -0.105161 0.192752 0.0927329 0.180324
2650 -0.143875 0.139073 0.00993097 0.00512824
2655 -0.174649 0.08301 -0.081933 -0.173572
2660 -0.195818 0.030795 -0.175082 -0.340105
2665 -0.204803 -0.0181098 -0.258543 -0.481456
2670 -0.194499 -0.0645424 -0.321327 -0.580369
2675 -0.159595 -0.104633 -0.35474 -0.618967
2680 -0.10378 -0.132765 -0.353088 -0.589633
2685 -0.037625 -0.146652 -0.316529 -0.500806
2690 0.0277594 -0.14593 -0.251216 -0.369387
2695 0.084415 -0.127449 -0.166561 -0.209595
2700 0.126174 -0.0889199 -0.074111 -0.0368572
2705 0.149389 -0.0371747 0.0131305 0.125345
2710 0.153024 0.0100887 0.0840936 0.247207
2715 0.135658 0.0344221 0.133617 0.303697
2720 0.0994918 0.0299442 0.159331 0.288767
2725 0.0577726 0.0068953 0.159961 0.224629
2730 0.0293045 -0.0187979 0.14119 0.151697
2735 0.0248776 -0.0367462 0.114205 0.102336
2740 0.0436246 -0.0446918 0.0854126 0.0843454
2745 0.0766539 -0.045483 0.0550882 0.0862591
2750 0.110774 -0.0408816 0.0239129 0.0938049
2755 0.132554 -0.0304777 -0.00409893 0.0979775
2760 0.132322 -0.0175165 -0.0256561 0.0891497
2765 0.105326 -0.0132373 -0.0417877 0.0503011
2770 0.0528838 -0.0313048 -0.0535244 -0.0319454
2775 -0.0145861 -0.0741062 -0.058778 -0.14747
2780 -0.0778619 -0.127744 -0.0567738 -0.262379
2785 -0.116808 -0.170607 -0.0497762 -0.337191
2790 -0.121396 -0.184642 -0.0412717 -0.34731
2795 -0.0934931 -0.162774 -0.034769 -0.291036
2800 -0.0419343 -0.110311 -0.0288325 -0.181078
2805 0.0213266 -0.0383616 -0.0155395 -0.0325745
2810 0.0820408 0.0432926 0.0123165 0.13765
2815 0.12504 0.12663 0.0539791 0.305649
2820 0.137936 0.203016 0.101293 0.442245
2825 0.118804 0.263978 0.146178 0.52896
2830 0.0784493 0.303387 0.185756 0.567592
2835 0.0341471 0.31533 0.217958 0.567435
2840 -0.000211246 0.296551 0.237292 0.533631
2845 -0.0219542 0.253701 0.23942 0.471167
2850 -0.0363012 0.20093 0.222496 0.387124
2855 -0.0430243 0.149299 0.186169 0.292443
2860 -0.0317026 0.102476 0.136111 0.206884
2865 0.00874001 0.0596753 0.0834847 0.1519
2870 0.075511 0.0204141 0.0368193 0.132744
2875 0.149902 -0.010834 0.000366167 0.139434
2880 0.210726 -0.0297418 -0.0238873 0.157097
2885 0.245266 -0.0398677 -0.0383868 0.167012
2890 0.250964 -0.0480927 -0.0513789 0.151492
2895 0.227934 -0.0568174 -0.0700397 0.101077
2900 0.173134 -0.0636317 -0.0955744 0.0139279
2905 0.0852543 -0.0647833 -0.12537 -0.104899
2910 -0.0235013 -0.0605191 -0.156391 -0.240411
2915 -0.126257 -0.0549149 -0.184971 -0.366142
2920 -0.196642 -0.0499301 -0.205649 -0.452221
2925 -0.224378 -0.0449588 -0.210244 -0.47958
2930 -0.217539 -0.0436932 -0.190526 -0.451758
2935 -0.189106 -0.0543587 -0.143384 -0.386848
2940 -0.144954 -0.0811576 -0.073231 -0.299343
2945 -0.0891548 -0.117278 0.00838208 -0.198051
2950 -0.0327368 -0.148232 0.0847257 -0.0962435
2955 0.00748435 -0.162488 0.139566 -0.0154369
2960 0.0183515 -0.159444 0.163159 0.0220665
2965 -0.00167748 -0.147458 0.153519 0.00438336
2970 -0.0435604 -0.134074 0.113332 -0.064303
2975 -0.0931185 -0.120281 0.0472646 -0.166135
2980 -0.137786 -0.10426 -0.0349725 -0.277019
2985 -0.171122 -0.0877023 -0.11424 -0.373064
2990 -0.192419 -0.0733438 -0.168891 -0.434653
2995 -0.200339 -0.0601909 -0.184065 -0.444595
3000 -0.190326 -0.0458012 -0.15432 -0.390447
3005 -0.160305 -0.0303378 -0.084151 -0.274794
3010 -0.115366 -0.0166228 0.0143166 -0.117672
3015 -0.063067 -0.00733679 0.122635 0.0522313
3020 -0.00698769 -0.00319478 0.21471 0.204527
3025 0.0525684 -0.00221087 0.263194 0.313552
3030 0.115255 -0.00206942 0.252476 0.365661
3035 0.177445 -0.0042674 0.188129 0.361308
3040 0.230682 -0.0126393 0.0921915 0.310234
3045 0.262806 -0.0245939 -0.00983962 0.228372
3050 0.263376 -0.0281133 -0.0978012 0.137462
3055 0.232163 -0.0106203 -0.161433 0.0601095
3060 0.181479 0.028482 -0.198993 0.0109682
3065 0.130101 0.0749897 -0.209873 -0.0047819
3070 0.0918327 0.111231 -0.197438 0.00562569
3075 0.0682467 0.129161 -0.173939 0.0234689
3080 0.0514387 0.134189 -0.151915 0.0337121
3085 0.0316926 0.136734 -0.13789 0.0305358
3090 0.00423595 0.142803 -0.135657 0.0113821
3095 -0.0279536 0.151271 -0.145803 -0.0224863
3100 -0.0583694 0.158485 -0.159301 -0.0591856
3105 -0.0848178 0.161619 -0.162499 -0.0856981
3110 -0.111202 0.15847 -0.145849 -0.0985811
3115 -0.139576 0.14562 -0.102727 -0.0966833
3120 -0.163946 0.120136 -0.0293135 -0.0731238
3125 -0.173947 0.0830734 0.0692852 -0.0215888
3130 -0.163041 0.0389163 0.177271 0.0531462
3135 -0.133489 -0.00732228 0.272133 0.131322
3140 -0.0935105 -0.0527639 0.33153 0.185256
3145 -0.0507041 -0.0947293 0.340492 0.195059
3150 -0.00826259 -0.126826 0.297928 0.162839
3155 0.0319184 -0.137728 0.217753 0.111943
3160 0.0619278 -0.115513 0.120841 0.0672556
3165 0.0722966 -0.0563485 0.027413 0.0433611
3170 0.0600355 0.0290297 -0.0433829 0.0456823
3175 0.0282425 0.119918 -0.0794851 0.0686758
3180 -0.0157256 0.196798 -0.0828579 0.098214
3185 -0.059801 0.245828 -0.0670865 0.118941
3190 -0.0900642 0.25923 -0.0480353 0.121131
3195 -0.0977851 0.234649 -0.0375444 0.0993195
3200 -0.0846873 0.175959 -0.0440431 0.0472285
3205 -0.0604466 0.0929909 -0.0735741 -0.0410298
3210 -0.0340288 -0.00243636 -0.127435 -0.1639
3215 -0.0107125 -0.0989292 -0.197559 -0.307201
3220 0.00559161 -0.185886 -0.266333 -0.446627
3225 0.0122916 -0.252883 -0.311931 -0.552522
3230 0.011589 -0.287544 -0.316408 -0.592363
3235 0.0115702 -0.279409 -0.273571 -0.54141
3240 0.0196466 -0.228948 -0.193106 -0.402407
3245 0.0364709 -0.150717 -0.0972134 -0.21146
3250 0.055716 -0.0636658 -0.00884148 -0.0167912
3255 0.0691461 0.0207396 0.0623266 0.152212
3260 0.0734556 0.0983567 0.122316 0.294128
3265 0.0718527 0.165299 0.178245 0.415396
3270 0.0695761 0.213835 0.224254 0.507665
3275 0.0683799 0.23427 0.24406 0.54671
3280 0.0647155 0.224176 0.22469 0.513581
3285 0.0529566 0.193384 0.167953 0.414294
3290 0.0319041 0.155035 0.0888624 0.275801
3295 0.0092164 0.114465 0.00518411 0.128865
3300 -0.00491146 0.070615 -0.0691117 -0.00340823
3305 -0.00903091 0.0230932 -0.123228 -0.109166
3310 -0.0115163 -0.0263653 -0.149377 -0.187259
3315 -0.0220487 -0.0730842 -0.146848 -0.241981
3320 -0.0409151 -0.109381 -0.125889 -0.276185
3325 -0.0577205 -0.130041 -0.10062 -0.288382
3330 -0.0620556 -0.137147 -0.0769107 -0.276113
3335 -0.0549374 -0.134779 -0.0504272 -0.240143
3340 -0.0459543 -0.121177 -0.0176596 -0.184791
3345 -0.0406252 -0.0906401 0.0158752 -0.11539
3350 -0.0348212 -0.0430364 0.041416 -0.0364415
3355 -0.0193677 0.0138975 0.0536503 0.0481801
3360 0.0119337 0.0687618 0.0503943 0.13109
3365 0.0568856 0.109843 0.0332145 0.199943
3370 0.105363 0.129088 0.00698544 0.241437
3375 0.147206 0.124723 -0.0256351 0.246294
3380 0.177739 0.0994539 -0.0636502 0.213542
3385 0.195646 0.0568884 -0.101663 0.150871
3390 0.198175 0.00125941 -0.130262 0.0691722
3395 0.181169 -0.0585618 -0.141257 -0.0186504
3400 0.144595 -0.109863 -0.133442 -0.0987113
3405 0.0950079 -0.142402 -0.114727 -0.162121
3410 0.0453397 -0.150923 -0.0951911 -0.200774
3415 0.0123947 -0.135194 -0.078307 -0.201107
3420 0.00502741 -0.100172 -0.0611442 -0.156289
3425 0.0163899 -0.0553365 -0.0403426 -0.0792892
3430 0.029526 -0.013745 -0.015121 0.000660024
3435 0.0288885 0.0106434 0.0129404 0.0524723
3440 0.00951236 0.0100971 0.0418282 0.0614376
3445 -0.0204408 -0.0109995 0.0685878 0.0371475
3450 -0.0484518 -0.0396136 0.0874826 -0.000582933
3455 -0.0685774 -0.0609218 0.0916727 -0.0378265
3460 -0.0800548 -0.0637407 0.078535 -0.0652605
3465 -0.0796701 -0.0452061 0.0527493 -0.072127
3470 -0.0605187 -0.0132808 0.022043 -0.0517566
3475 -0.017925 0.0191225 -0.0110108 -0.00981327
3480 0.0422681 0.0433294 -0.0481094 0.0374881
3485 0.10602 0.0554177 -0.0859082 0.07553
3490 0.161394 0.0516387 -0.114553 0.0984801
3495 0.201089 0.03022 -0.125986 0.105323
3500 0.220289 -0.0038072 -0.119275 0.0972067
3505 0.218453 -0.0399357 -0.0986903 0.079827
3510 0.200075 -0.0663069 -0.0679147 0.0658532
3515 0.171341 -0.0758226 -0.0254392 0.0700796
3520 0.137593 -0.0683449 0.0307112 0.099959
3525 0.104812 -0.0479576 0.0971358 0.15399
3530 0.0788157 -0.0184754 0.165657 0.225997
3535 0.0596849 0.0167655 0.227998 0.304449
3540 0.0417667 0.0525277 0.27796 0.372254
3545 0.0183037 0.0821716 0.307848 0.408324
3550 -0.0168784 0.102066 0.308962 0.39415
3555 -0.0669564 0.112444 0.277255 0.322743
3560 -0.129536 0.115836 0.21743 0.20373
3565 -0.196849 0.114642 0.143514 0.0613073
3570 -0.258851 0.107543 0.0727789 -0.0785294
3575 -0.307274 0.0897441 0.0165111 -0.201018
3580 -0.337075 0.0572164 -0.0208952 -0.300753
3585 -0.345577 0.0104064 -0.0371015 -0.372272
3590 -0.332887 -0.0442744 -0.0302731 -0.407434
3595 -0.303467 -0.0988602 -0.0020867 -0.404414
3600 -0.264113 -0.146847 0.0381091 -0.37285
3605 -0.219413 -0.182296 0.0768883 -0.324821
3610 -0.172148 -0.198289 0.103007 -0.26743
3615 -0.123599 -0.18826 0.109112 -0.202747
3620 -0.0729912 -0.15048 0.0902439 -0.133227
3625 -0.0213127 -0.0922544 0.0460219 -0.0675452
3630 0.0268655 -0.0282497 -0.0166419 -0.0180262
3635 0.0681722 0.0279944 -0.086859 0.00930761
3640 0.103034 0.0678861 -0.154557 0.0163628
3645 0.134684 0.0856164 -0.211001 0.00929899
3650 0.164636 0.0768551 -0.250055 -0.00856396
3655 0.185729 0.0412745 -0.26711 -0.0401068
3660 0.186567 -0.0144361 -0.258127 -0.0859967
3665 0.161527 -0.0774857 -0.224271 -0.14023
3670 0.114444 -0.132207 -0.172541 -0.190304
3675 0.0557261 -0.167326 -0.110408 -0.222008
3680 -0.00744766 -0.180838 -0.0427669 -0.231053
3685 -0.0738288 -0.175346 0.0291927 -0.219982
3690 -0.140697 -0.153331 0.104718 -0.189311
3695 -0.199442 -0.116693 0.177711 -0.138423
3700 -0.241093 -0.0663068 0.23648 -0.0709195
3705 -0.263832 -0.00762719 0.269692 -0.00176714
3710 -0.270321 0.0466237 0.273672 0.0499744
3715 -0.258513 0.0844193 0.252729 0.0786354
3720 -0.221653 0.103956 0.21418 0.0964831
3725 -0.159952 0.115602 0.168176 0.123826
3730 -0.0867719 0.13266 0.127811 0.1737
3735 -0.0172417 0.15937 0.102058 0.244186
3740 0.0435483 0.187536 0.0886953 0.31978
3745 0.0977204 0.205932 0.0777807 0.381433
3750 0.145741 0.211242 0.0577066 0.414689
3755 0.182889 0.207708 0.0179945 0.408592
3760 0.202016 0.19988 -0.0463799 0.355516
3765 0.198904 0.187654 -0.129162 0.257396
3770 0.175745 0.169195 -0.215673 0.129267
3775 0.138549 0.145102 -0.291039 -0.00738804
3780 0.091023 0.116733 -0.34316 -0.135404
3785 0.0345934 0.0823559 -0.361319 -0.244369
3790 -0.0286804 0.0366649 -0.338289 -0.330305
3795 -0.0941804 -0.023476 -0.27584 -0.393497
3800 -0.154307 -0.0917783 -0.187007 -0.433093
3805 -0.1987 -0.154931 -0.0885318 -0.442162
3810 -0.219456 -0.202918 0.00650384 -0.41587
3815 -0.214322 -0.236942 0.0899489 -0.361315
3820 -0.184748 -0.263854 0.157012 -0.29159
3825 -0.13456 -0.287106 0.2025 -0.219167
3830 -0.0700303 -0.303052 0.220764 -0.152318
3835 0.000565316 -0.303789 0.21417 -0.089054
3840 0.0685127 -0.281445 0.195786 -0.0171465
3845 0.128796 -0.232268 0.178522 0.07505
3850 0.180207 -0.15801 0.168026 0.190223
3855 0.219352 -0.0671141 0.164086 0.316324
3860 0.238696 0.0261975 0.166471 0.431365
3865 0.230491 0.107332 0.177385 0.515208
3870 0.190928 0.16533 0.19513 0.551388
3875 0.123439 0.193593 0.207178 0.52421
3880 0.0365435 0.189403 0.195266 0.421212
3885 -0.0577471 0.154985 0.150666 0.247903
3890 -0.144543 0.0982059 0.0823311 0.035994
3895 -0.211111 0.0309427 0.0091155 -0.171053
3900 -0.247659 -0.0310101 -0.0537154 -0.332385
3905 -0.243427 -0.0739571 -0.101927 -0.419311
3910 -0.1905 -0.0931685 -0.140753 -0.424421
3915 -0.0924334 -0.0925372 -0.176875 -0.361846
3920 0.0330067 -0.077047 -0.211662 -0.255702
3925 0.161093 -0.0464155 -0.241286 -0.126609
3930 0.269088 2.25301e-05 -0.259141 0.00996908
3935 0.341603 0.0562231 -0.259651 0.138175
3940 0.373847 0.110424 -0.241333 0.242938
3945 0.36713 0.151116 -0.207498 0.310748
3950 0.325282 0.170831 -0.164946 0.331166
3955 0.256982 0.16781 -0.118143 0.30665
3960 0.177321 0.148281 -0.0689408 0.256661
3965 0.102536 0.122453 -0.0193604 0.205629
3970 0.044118 0.096245 0.0301345 0.170498
3975 0.00905503 0.0720443 0.0777147 0.158814
3980 0.000682613 0.0549795 0.118933 0.174595
3985 0.0162302 0.0512989 0.151423 0.218952
3990 0.043759 0.0614095 0.176711 0.28188
3995 0.064824 0.0773486 0.19511 0.337283
4000 0.0637301 0.0890455 0.199446 0.352221
4005 0.035037 0.0944716 0.180531 0.31004
4010 -0.0166949 0.100376 0.138701 0.222381
4015 -0.08355 0.114169 0.0868195 0.117438
4020 -0.159197 0.136239 0.0414096 0.0184518
4025 -0.238049 0.159593 0.014 -0.0644558
4030 -0.312351 0.176121 0.0112143 -0.125015
4035 -0.37021 0.180045 0.0331373 -0.157028
4040 -0.397152 0.165431 0.0715509 -0.160171
4045 -0.38231 0.127767 0.115621 -0.138923
4050 -0.324018 0.0694247 0.153902 -0.100691
4055 -0.231087 -7.69053e-05 0.172842 -0.0583219
4060 -0.121399 -0.0682853 0.163024 -0.0266607
4065 -0.0162421 -0.122357 0.124253 -0.0143464
4070 0.0646594 -0.152852 0.0642608 -0.0239321
4075 0.107723 -0.158195 -0.00449224 -0.0549641
4080 0.112539 -0.145414 -0.0706856 -0.103561
4085 0.0905435 -0.12386 -0.129359 -0.162676
4090 0.0583315 -0.0984156 -0.178272 -0.218356
4095 0.0338614 -0.0682283 -0.211934 -0.246301
4100 0.0285253 -0.0299246 -0.223546 -0.224945
4105 0.0413394 0.0169589 -0.21158 -0.153282
4110 0.0628834 0.0645643 -0.180145 -0.0526971
4115 0.0818342 0.100972 -0.136296 0.0465105
4120 0.0909129 0.121368 -0.0893782 0.122903
4125 0.0864917 0.127168 -0.0499269 0.163733
4130 0.0659987 0.119664 -0.0267167 0.158946
4135 0.0310335 0.0969059 -0.0225668 0.105373
4140 -0.0104248 0.0586835 -0.0335632 0.0146955
4145 -0.0473255 0.0102196 -0.0522903 -0.0893962
4150 -0.0710936 -0.0410203 -0.0717197 -0.183834
4155 -0.0811619 -0.0906701 -0.0894636 -0.261296
4160 -0.0837118 -0.13829 -0.106257 -0.328259
4165 -0.0841362 -0.183529 -0.117613 -0.385278
4170 -0.0827491 -0.225265 -0.113563 -0.421577
4175 -0.0778456 -0.26433 -0.0881998 -0.430375
4180 -0.0693353 -0.299911 -0.0471744 -0.41642
4185 -0.0586469 -0.327643 -0.00507069 -0.39136
4190 -0.0449079 -0.341722 0.0254808 -0.361149
4195 -0.0229491 -0.334665 0.0414259 -0.316188
4200 0.00973433 -0.299042 0.0464857 -0.242822
4205 0.0465336 -0.233059 0.0451935 -0.141332
4210 0.0753498 -0.143396 0.0385314 -0.0295151
4215 0.0866069 -0.0408168 0.0252258 0.0710159
4220 0.0808873 0.0638585 0.00717574 0.151922
4225 0.0693976 0.157863 -0.0100161 0.217244
4230 0.06279 0.226733 -0.0230379 0.266485
4235 0.0659523 0.258231 -0.0308913 0.293292
4240 0.0818994 0.246429 -0.0293547 0.298974
4245 0.11038 0.194487 -0.0113418 0.293525
4250 0.147415 0.116317 0.0268124 0.290545
4255 0.185791 0.0353089 0.0815508 0.302651
4260 0.215427 -0.0279433 0.14429 0.331774
4265 0.228964 -0.0664728 0.203835 0.366326
4270 0.223678 -0.0855758 0.247999 0.386101
4275 0.19824 -0.0934733 0.265756 0.370523
4280 0.153726 -0.0922631 0.251483 0.312946
4285 0.0964045 -0.0787756 0.206098 0.223727
4290 0.0359604 -0.0549808 0.136985 0.117965
4295 -0.0201805 -0.0315749 0.0549003 0.00314494
4300 -0.0677945 -0.0190987 -0.0307634 -0.117657
4305 -0.105932 -0.0212963 -0.110995 -0.238224
4310 -0.136724 -0.0341563 -0.170495 -0.341375
4315 -0.161175 -0.0481539 -0.191977 -0.401306
4320 -0.176205 -0.054629 -0.169766 -0.4006
4325 -0.176996 -0.0483925 -0.114035 -0.339423
4330 -0.162938 -0.0299447 -0.0439388 -0.236822
4335 -0.13792 -0.00605161 0.0220998 -0.121872
4340 -0.106202 0.0128527 0.0728211 -0.0205279
4345 -0.0723245 0.0191144 0.102826 0.049616
4350 -0.0433346 0.0131199 0.110839 0.0806248
4355 -0.0286262 -0.0013291 0.0991145 0.0691592
4360 -0.0325819 -0.0231257 0.0752962 0.0195887
4365 -0.0480583 -0.0527316 0.0517345 -0.0490554
4370 -0.0617327 -0.0845323 0.0369349 -0.10933
4375 -0.0611025 -0.104748 0.0276169 -0.138233
4380 -0.0383072 -0.100181 0.0117827 -0.126705
4385 0.00482872 -0.0690065 -0.0186603 -0.0828381
4390 0.0546936 -0.0214122 -0.0601983 -0.0269169
4395 0.090922 0.0315902 -0.104309 0.0182032
4400 0.0964761 0.0871863 -0.147432 0.0362304
4405 0.0684126 0.146991 -0.1886 0.0268031
4410 0.0191306 0.205566 -0.221019 0.00367806
4415 -0.0344715 0.247476 -0.233259 -0.020254
4420 -0.0792915 0.257604 -0.217895 -0.0395817
4425 -0.106767 0.230192 -0.179279 -0.0558536
4430 -0.112256 0.170299 -0.133361 -0.0753175
4435 -0.0946155 0.0904661 -0.0941842 -0.0983336
4440 -0.057755 0.00369361 -0.0633671 -0.117428
4445 -0.0107541 -0.0791226 -0.0355334 -0.12541
4450 0.0373768 -0.147744 -0.00852418 -0.118891
4455 0.0826464 -0.193268 0.0142613 -0.0963602
4460 0.123832 -0.210621 0.0310198 -0.0557692
4465 0.156071 -0.199047 0.0476731 0.00469707
4470 0.170263 -0.161978 0.0734924 0.0817775
4475 0.156713 -0.10765 0.110171 0.159234
4480 0.112222 -0.0468379 0.1467 0.212084
4485 0.0445282 0.0101621 0.165669 0.220359
4490 -0.0332593 0.056543 0.156377 0.179661
4495 -0.109173 0.0908573 0.121285 0.10297
4500 -0.171238 0.116007 0.0726207 0.0173897
4505 -0.206278 0.137718 0.026034 -0.0425267
4510 -0.206689 0.161633 -0.00639792 -0.0514542
4515 -0.177229 0.188576 -0.0181435 -0.00679568
4520 -0.132961 0.212635 -0.00895872 0.0707155
4525 -0.0901783 0.228249 0.0140015 0.152073
4530 -0.0572333 0.231747 0.0360756 0.21059
4535 -0.0327708 0.213809 0.0404706 0.221509
4540 -0.0109567 0.163217 0.0183086 0.170569
4545 0.0115293 0.0816467 -0.0273337 0.0658423
4550 0.0326859 -0.0124041 -0.0832759 -0.0629941
4555 0.0449875 -0.0971908 -0.131637 -0.18384
4560 0.0432535 -0.159379 -0.159749 -0.275875
4565 0.0324633 -0.196512 -0.166091 -0.33014
4570 0.0227893 -0.211717 -0.155108 -0.344036
4575 0.0176334 -0.204928 -0.128762 -0.316057
4580 0.0113655 -0.171476 -0.0865704 -0.246681
4585 -0.0013717 -0.110472 -0.034577 -0.146421
4590 -0.01872 -0.0326013 0.0118787 -0.0394427
4595 -0.0344911 0.0433932 0.037008 0.0459102
4600 -0.045778 0.101077 0.0366315 0.0919306
4605 -0.0545085 0.130322 0.0219643 0.0977781
4610 -0.0624806 0.12572 0.0118698 0.0751088
4615 -0.068092 0.0876236 0.0198918 0.0394234
4620 -0.0696165 0.0252465 0.0469703 0.00260035
4625 -0.0692482 -0.0429135 0.0849582 -0.0272035
4630 -0.0693304 -0.0954314 0.124045 -0.0407169
4635 -0.0669158 -0.116711 0.158022 -0.0256054
4640 -0.0563445 -0.100215 0.184629 0.0280698
4645 -0.0341917 -0.0477878 0.201563 0.119584
4650 -0.000396925 0.0330505 0.204434 0.237088
4655 0.0445831 0.126817 0.189235 0.360636
4660 0.0990662 0.209971 0.153489 0.462527
4665 0.155865 0.262785 0.0980708 0.516721
4670 0.203692 0.277756 0.0299587 0.511406
4675 0.234673 0.256368 -0.0393452 0.451695
4680 0.248496 0.203748 -0.0987427 0.353501
4685 0.248601 0.125961 -0.140009 0.234553
4690 0.234836 0.0317155 -0.158745 0.107806
4695 0.20146 -0.0666239 -0.154658 -0.0198215
4700 0.145858 -0.158241 -0.134187 -0.14657
4705 0.0755807 -0.239071 -0.109755 -0.273244
4710 0.00704177 -0.306916 -0.0924645 -0.392339
4715 -0.044253 -0.355373 -0.0840456 -0.483672
4720 -0.0736903 -0.374919 -0.0777705 -0.52638
4725 -0.087814 -0.359063 -0.0644559 -0.511333
4730 -0.0958642 -0.310421 -0.0375899 -0.443875
4735 -0.100548 -0.241152 0.007329 -0.334371
4740 -0.0959182 -0.166107 0.0708918 -0.191134
4745 -0.0767023 -0.0968199 0.146271 -0.0272515
4750 -0.0477706 -0.0413766 0.220257 0.13111
4755 -0.021759 -0.0074679 0.27759 0.248363
4760 -0.00817586 -0.00120696 0.305553 0.29617
4765 -0.00652543 -0.0209304 0.297027 0.269571
4770 -0.00913324 -0.0549355 0.251705 0.187636
4775 -0.00719763 -0.085946 0.17574 0.0825965
4780 0.00464099 -0.098586 0.0821111 -0.0118339
4785 0.0238079 -0.0829588 -0.0132526 -0.0724034
4790 0.0418854 -0.0354213 -0.097285 -0.0908209
4795 0.0495578 0.0405117 -0.163721 -0.0736518
4800 0.0407986 0.135246 -0.212631 -0.0365858
4805 0.0139381 0.233947 -0.244832 0.0030533
4810 -0.030782 0.3199 -0.255598 0.0335199
4815 -0.0911674 0.37699 -0.236274 0.0495481
4820 -0.159516 0.391068 -0.181669 0.0498831
4825 -0.220875 0.353302 -0.0971539 0.035273
4830 -0.255845 0.26638 0.00389324 0.014429
4835 -0.251074 0.147741 0.108036 0.00470262
4840 -0.209341 0.0231775 0.206853 0.0206899
4845 -0.147402 -0.0849173 0.293176 0.060857
4850 -0.0822553 -0.163105 0.356391 0.111031
4855 -0.021743 -0.204354 0.384349 0.158252
4860 0.0315212 -0.20512 0.368547 0.194948
4865 0.0712366 -0.166278 0.308875 0.213834
4870 0.0879571 -0.0966411 0.214596 0.205912
4875 0.0801482 -0.0132584 0.101327 0.168217
4880 0.0609908 0.065471 -0.0146938 0.111768
4885 0.0516059 0.124421 -0.121865 0.0541615
4890 0.066539 0.152892 -0.212102 0.00732869
4895 0.106067 0.14633 -0.279156 -0.0267589
4900 0.160757 0.108658 -0.320946 -0.0515315
4905 0.219327 0.0501896 -0.339849 -0.0703325
4910 0.27315 -0.0162604 -0.339574 -0.082684
4915 0.314933 -0.0749374 -0.32381 -0.0838151
4920 0.336141 -0.110708 -0.297085 -0.0716519
4925 0.327102 -0.116541 -0.265073 -0.0545116
4930 0.284524 -0.0966322 -0.232582 -0.0446909
4935 0.216058 -0.0609657 -0.200156 -0.0450638
4940 0.135905 -0.0157728 -0.163055 -0.0429232
4945 0.0591572 0.034343 -0.116664 -0.0231637
4950 7.22121e-05 0.0788382 -0.064013 0.0148974
4955 -0.0316105 0.107191 -0.0161085 0.0594717
4960 -0.0376858 0.120699 0.015875 0.0988878
4965 -0.0303402 0.130806 0.0281686 0.128634
4970 -0.0192155 0.145954 0.0240846 0.150824
4975 -0.00558815 0.163893 0.0118664 0.170172
4980 0.0126518 0.176699 0.00156778 0.190919
4985 0.0330468 0.178209 0.000809241 0.212065
4990 0.0469942 0.166477 0.0152501 0.228722
4995 0.0491719 0.144707 0.0483425 0.242221
5000 0.045069 0.118636 0.0948728 0.258578
5005 0.0439324 0.0926206 0.140884 0.277437
5010 0.0464561 0.0707805 0.172538 0.289774
5015 0.044673 0.0565835 0.182383 0.28364
5020 0.0321225 0.0498102 0.170567 0.2525
5025 0.00967421 0.0468681 0.142405 0.198947
5030 -0.0178868 0.0441682 0.103758 0.13004
5035 -0.0464674 0.0381787 0.0577089 0.0494203
5040 -0.0720314 0.0235266 0.00623282 -0.0422719
5045 -0.0900495 -0.0024216 -0.0466683 -0.139139
5050 -0.0966044 -0.0346259 -0.0934078 -0.224638
5055 -0.0894653 -0.0653149 -0.129036 -0.283816
5060 -0.0700459 -0.0936322 -0.157163 -0.320841
5065 -0.0441232 -0.122608 -0.184041 -0.350772
5070 -0.0174775 -0.151773 -0.208225 -0.377476
5075 0.00607573 -0.176534 -0.221142 -0.3916
5080 0.0222759 -0.193317 -0.214228 -0.385269
5085 0.0263226 -0.201362 -0.184951 -0.359991
5090 0.0124952 -0.200258 -0.136932 -0.324695
5095 -0.0237268 -0.191431 -0.0774827 -0.292641
5100 -0.0824097 -0.181428 -0.0129433 -0.276781
5105 -0.158971 -0.177044 0.0560199 -0.279995
5110 -0.243508 -0.178209 0.127826 -0.293892
5115 -0.318345 -0.181254 0.192133 -0.307466
5120 -0.365943 -0.185267 0.235193 -0.316016
5125 -0.380593 -0.191901 0.251117 -0.321378
5130 -0.366298 -0.199113 0.246283 -0.319128
5135 -0.326757 -0.198458 0.231247 -0.293968
5140 -0.263599 -0.180675 0.208353 -0.235921
5145 -0.182134 -0.141206 0.172157 -0.151183
5150 -0.0933597 -0.0798996 0.122007 -0.0512526
5155 -0.00888204 -0.00377434 0.068598 0.0559416
5160 0.0634006 0.0728595 0.027449 0.163709
5165 0.118604 0.136897 0.00982445 0.265326
5170 0.153623 0.180704 0.016743 0.351069
5175 0.166966 0.198203 0.0402054 0.405374
5180 0.159157 0.186337 0.0685091 0.414003
5185 0.134607 0.151023 0.0902479 0.375878
5190 0.101666 0.102994 0.099431 0.30409
5195 0.0685826 0.054307 0.0987098 0.221599
5200 0.0417591 0.0162827 0.0936191 0.151661
5205 0.0262926 -0.00559633 0.0847051 0.105401
5210 0.0253492 -0.0121867 0.0719724 0.0851349
5215 0.0370814 -0.00762386 0.0607491 0.0902067
5220 0.0543475 0.00231517 0.054884 0.111547
5225 0.0701765 0.0114668 0.0509533 0.132597
5230 0.0821216 0.0134753 0.0423559 0.137953
5235 0.0905886 0.00465419 0.0240049 0.119248
5240 0.0937128 -0.0135941 -0.00501521 0.0751036
5245 0.0888922 -0.0337959 -0.0437093 0.0113871
5250 0.0782234 -0.0457877 -0.0926142 -0.0601785
5255 0.0656739 -0.0441033 -0.152273 -0.130702
5260 0.0517643 -0.0314251 -0.219328 -0.198989
5265 0.0348599 -0.0150353 -0.283291 -0.263466
5270 0.0163692 -0.00305209 -0.325401 -0.312084
5275 0.00331038 -0.000589516 -0.32557 -0.322849
5280 0.00213164 -0.0077743 -0.276936 -0.282579
5285 0.0110544 -0.0202762 -0.191927 -0.201149
5290 0.0201979 -0.0321392 -0.0912005 -0.103142
5295 0.0188022 -0.0395812 0.0123115 -0.00846742
5300 0.00435118 -0.0430718 0.111994 0.0732733
5305 -0.0140328 -0.0442468 0.197708 0.139428
5310 -0.0261357 -0.0440045 0.255422 0.185282
5315 -0.033392 -0.0459579 0.275123 0.195773
5320 -0.0490827 -0.0550507 0.261553 0.157419
5325 -0.0849547 -0.0725227 0.234164 0.0766862
5330 -0.136132 -0.0944875 0.210196 -0.0204239
5335 -0.183396 -0.114476 0.190832 -0.10704
5340 -0.207617 -0.124436 0.165188 -0.166865
5345 -0.198484 -0.116592 0.124727 -0.190349
5350 -0.151939 -0.0870573 0.0710224 -0.167974
5355 -0.067491 -0.0385432 0.0126823 -0.0933519
5360 0.0487016 0.0203457 -0.043179 0.0258683
5365 0.178567 0.0792014 -0.0968376 0.160931
5370 0.293193 0.131513 -0.151943 0.272763
5375 0.362679 0.174247 -0.205974 0.330952
5380 0.366666 0.205319 -0.247422 0.324562
5385 0.301086 0.225509 -0.263068 0.263527
5390 0.18057 0.237968 -0.245621 0.172918
5395 0.0313126 0.245032 -0.19538 0.0809647
5400 -0.117394 0.248861 -0.120062 0.0114052
5405 -0.240492 0.249743 -0.0332477 -0.023997
5410 -0.320054 0.24425 0.0481681 -0.0276354
5415 -0.34274 0.229535 0.11061 -0.00259436
5420 -0.303318 0.206861 0.14829 0.0518333
5425 -0.214875 0.179517 0.161583 0.126226
5430 -0.108593 0.15049 0.154332 0.196228
5435 -0.0196043 0.121262 0.132365 0.234023
5440 0.029141 0.0916806 0.099656 0.220478
5445 0.0355426 0.0591867 0.0587751 0.153504
5450 0.0134518 0.0176218 0.0169359 0.0480095
5455 -0.020939 -0.0392059 -0.0132164 -0.0733614
5460 -0.0572307 -0.113234 -0.0222832 -0.192748
5465 -0.0891599 -0.19975 -0.0102989 -0.299209
5470 -0.109937 -0.285826 0.0180466 -0.377717
5475 -0.11268 -0.354232 0.0572627 -0.40965
5480 -0.0935758 -0.393202 0.0982247 -0.388553
5485 -0.0538819 -0.400429 0.128155 -0.326156
5490 0.0013521 -0.37824 0.136633 -0.240255
5495 0.0668961 -0.32773 0.12282 -0.138014
5500 0.137202 -0.251442 0.094407 -0.0198333
5505 0.20121 -0.158174 0.061846 0.104882
5510 0.243532 -0.0628139 0.032531 0.213249
5515 0.25466 0.0170817 0.00800373 0.279746
5520 0.237593 0.0687968 -0.0117555 0.294635
5525 0.204036 0.090222 -0.0246351 0.269623
5530 0.163784 0.0861738 -0.0313732 0.218585
5535 0.120151 0.064544 -0.0378573 0.146838
5540 0.0767178 0.0335447 -0.0495943 0.0606683
5545 0.0412511 -0.00157531 -0.0676106 -0.0279348
5550 0.0215287 -0.0385692 -0.0899381 -0.106979
5555 0.0195878 -0.0727131 -0.111606 -0.164731
5560 0.0289782 -0.0922089 -0.12562 -0.18885
5565 0.036324 -0.0843171 -0.127952 -0.175946
5570 0.0291355 -0.0458844 -0.119218 -0.135967
5575 0.00343358 0.0133826 -0.100626 -0.0838096
5580 -0.0357382 0.0759928 -0.0714179 -0.0311633
5585 -0.0789533 0.124175 -0.0339206 0.011301
5590 -0.11711 0.148314 0.00184528 0.0330493
5595 -0.14234 0.151977 0.0225328 0.0321696
5600 -0.146778 0.146297 0.0181089 0.0176281
5605 -0.124785 0.140122 -0.0131222 0.00221442
5610 -0.076959 0.133961 -0.0621093 -0.00510684
5615 -0.0129113 0.124313 -0.112588 -0.001186
5620 0.0524854 0.112506 -0.149952 0.0150397
5625 0.10898 0.102633 -0.169643 0.0419696
5630 0.154006 0.0949973 -0.178346 0.0706578
5635 0.185766 0.0873461 -0.185557 0.0875553
5640 0.200271 0.0797587 -0.195655 0.0843756
5645 0.197847 0.0747452 -0.204899 0.0676936
5650 0.185602 0.0747242 -0.202185 0.0581405
5655 0.173355 0.083005 -0.176917 0.0794423
5660 0.167617 0.101628 -0.127721 0.141524
5665 0.167577 0.126851 -0.0634079 0.23102
5670 0.170123 0.149009 0.00338256 0.322514
5675 0.175414 0.154972 0.0612139 0.3916
5680 0.181028 0.133697 0.103888 0.418613
5685 0.175395 0.0837342 0.132104 0.391233
5690 0.142413 0.0136034 0.1484 0.304417
5695 0.0751359 -0.0637169 0.153733 0.165152
5700 -0.0157466 -0.136375 0.149321 -0.00280025
5705 -0.106799 -0.192957 0.139008 -0.160748
5710 -0.178468 -0.219804 0.124405 -0.273867
5715 -0.227264 -0.205046 0.101024 -0.331287
5720 -0.258992 -0.147174 0.066522 -0.339644
5725 -0.275239 -0.0596496 0.0275312 -0.307358
5730 -0.271028 0.0337629 -0.0052691 -0.242534
5735 -0.2419 0.112832 -0.0233908 -0.152459
5740 -0.193778 0.169911 -0.0221498 -0.0460174
5745 -0.141578 0.203397 -0.00441181 0.0574071
5750 -0.099366 0.210434 0.0181756 0.129243
5755 -0.0738412 0.19075 0.0307556 0.147664
5760 -0.0633347 0.150792 0.02187 0.109328
5765 -0.0612106 0.100596 -0.00769008 0.031695
5770 -0.0627845 0.0471923 -0.0444412 -0.0600334
5775 -0.0668447 -0.00765579 -0.0730365 -0.147537
5780 -0.0702741 -0.0623473 -0.0838344 -0.216456
5785 -0.0680335 -0.109279 -0.0745679 -0.251881
5790 -0.0608421 -0.13453 -0.0516395 -0.247011
5795 -0.0557253 -0.127915 -0.0246956 -0.208336
5800 -0.0577835 -0.0922284 0.00158914 -0.148423
5805 -0.0637189 -0.0415596 0.0282188 -0.0770596
5810 -0.0638994 0.0059223 0.0550905 -0.00288664
5815 -0.0486143 0.0374381 0.0745144 0.0633382
5820 -0.0121559 0.0529505 0.0751311 0.115926
5825 0.0435526 0.060591 0.0551214 0.159265
5830 0.106618 0.0660417 0.0239988 0.196659
5835 0.160728 0.0689477 -0.00574485 0.223931
5840 0.194999 0.0661586 -0.0266077 0.23455
5845 0.206652 0.053337 -0.0407974 0.219192
5850 0.191448 0.029184 -0.0583151 0.162317
5855 0.142621 -0.00066265 -0.0850917 0.0568664
5860 0.0613646 -0.0272933 -0.114186 -0.0801149
5865 -0.0364218 -0.0472019 -0.133539 -0.217163
5870 -0.127058 -0.0655176 -0.135676 -0.328252
5875 -0.190127 -0.0874688 -0.119471 -0.397067
5880 -0.217098 -0.111655 -0.0876634 -0.416416
5885 -0.211506 -0.13307 -0.0432669 -0.387844
5890 -0.180203 -0.151061 0.00750083 -0.323763
5895 -0.128905 -0.172422 0.0533704 -0.247957
5900 -0.066129 -0.204057 0.0818161 -0.188369
5905 -0.00296133 -0.244531 0.084333 -0.16316
5910 0.0535011 -0.282795 0.0614755 -0.167818
5915 0.100291 -0.304136 0.0239747 -0.17987
5920 0.132276 -0.300693 -0.0107616 -0.179178
5925 0.141561 -0.27505 -0.0263132 -0.159803
5930 0.124361 -0.233611 -0.0175468 -0.126797
5935 0.085505 -0.182602 0.00605293 -0.0910438
5940 0.0335732 -0.128167 0.0290772 -0.0655166
5945 -0.0231637 -0.0773235 0.0408974 -0.0595897
5950 -0.0772503 -0.0368341 0.0409398 -0.0731445
5955 -0.122082 -0.0103251 0.0362251 -0.0961822
5960 -0.148809 0.0021405 0.0328476 -0.113821
5965 -0.147377 0.00443905 0.0275703 -0.115368
5970 -0.114255 0.00268018 0.0104623 -0.101113
5975 -0.0566037 0.00333956 -0.0215835 -0.0748477
5980 0.0102484 0.0112079 -0.0582055 -0.0367491
5985 0.069861 0.0280283 -0.082214 0.0156753
5990 0.111611 0.0516105 -0.0792441 0.0839778
5995 0.134974 0.0741942 -0.0444942 0.164675
6000 0.145546 0.0844182 0.0167862 0.246751
6005 0.146781 0.0753169 0.0925124 0.31461
6010 0.138172 0.0469337 0.166361 0.351467
6015 0.120736 0.00688423 0.221913 0.349534
6020 0.102092 -0.0304704 0.245516 0.317138
6025 0.0929511 -0.0518239 0.228219 0.269347
6030 0.09667 -0.0512426 0.169711 0.215138
6035 0.107853 -0.0304262 0.0806418 0.158069
6040 0.116996 0.0037434 -0.0186721 0.102067
6045 0.115116 0.0424512 -0.103296 0.0542714
6050 0.09696 0.0802994 -0.154964 0.0222952
6055 0.0602417 0.116362 -0.167747 0.00885631
6060 0.00627344 0.146866 -0.146352 0.00678774
6065 -0.0598517 0.161597 -0.102085 -0.000340375
6070 -0.130051 0.151846 -0.0483692 -0.0265749
6075 -0.192823 0.120701 0.00314119 -0.0689808
6080 -0.235821 0.0848276 0.045379 -0.105614
6085 -0.252173 0.0619839 0.0754023 -0.114787
6090 -0.239921 0.0612578 0.0879181 -0.0907447
6095 -0.199642 0.0817419 0.0749979 -0.042902
6100 -0.137924 0.114736 0.0353703 0.0121824
6105 -0.0676745 0.149833 -0.0183036 0.0638552
6110 -0.00419178 0.181633 -0.0650264 0.112415
6115 0.038484 0.210533 -0.0880629 0.160954
6120 0.0514854 0.237419 -0.0836935 0.205211
6125 0.035416 0.259124 -0.0592344 0.235306
6130 -0.0010444 0.266832 -0.0251752 0.240612
6135 -0.0436232 0.24814 0.0110222 0.215539
6140 -0.0763063 0.193995 0.0461777 0.163867
6145 -0.0865191 0.106143 0.0782841 0.0979075
6150 -0.0697002 0.000238098 0.102039 0.0325769
6155 -0.0294176 -0.10157 0.111038 -0.0199495
6160 0.0277434 -0.180998 0.10517 -0.0480848
6165 0.0938138 -0.22953 0.0933746 -0.042342
6170 0.158287 -0.250443 0.0867251 -0.0054312
6175 0.209826 -0.253268 0.0894815 0.046039
6180 0.237024 -0.242948 0.0979829 0.0920593
6185 0.231336 -0.215578 0.10743 0.123187
6190 0.192815 -0.164886 0.116701 0.14463
6195 0.128941 -0.0914662 0.1252 0.162675
6200 0.0495559 -0.00313479 0.126417 0.172838
6205 -0.0352759 0.0888004 0.110372 0.163897
6210 -0.114869 0.170928 0.0726928 0.128752
6215 -0.180192 0.231274 0.0173656 0.068448
6220 -0.226476 0.262121 -0.0465226 -0.010877
6225 -0.251714 0.260853 -0.107118 -0.0979795
6230 -0.253751 0.230083 -0.153382 -0.17705
6235 -0.229989 0.178242 -0.178108 -0.229854
6240 -0.180308 0.117553 -0.177168 -0.239923
6245 -0.111977 0.0579083 -0.148832 -0.202901
6250 -0.0376185 0.00169518 -0.0958643 -0.131788
6255 0.033352 -0.0546275 -0.0274446 -0.0487202
6260 0.0958996 -0.113586 0.0409035 0.0232176
6265 0.144871 -0.171626 0.0938402 0.0670849
6270 0.174682 -0.221884 0.124694 0.0774918
6275 0.180707 -0.258135 0.136792 0.0593644
6280 0.162426 -0.276373 0.139442 0.0254951
6285 0.129597 -0.273851 0.137503 -0.006751
6290 0.0990359 -0.247893 0.122757 -0.0261004
6295 0.0812042 -0.196027 0.0845801 -0.030243
6300 0.0729081 -0.120444 0.0266246 -0.0209118
6305 0.0659093 -0.0323318 -0.0363313 -0.00275382
6310 0.0582067 0.0511229 -0.0899911 0.0193385
6315 0.0487096 0.118327 -0.124243 0.0427942
6320 0.0273924 0.167298 -0.134842 0.0598489
6325 -0.0175288 0.19759 -0.124566 0.055495
6330 -0.0859201 0.204758 -0.0985392 0.0202987
6335 -0.163153 0.184854 -0.0582853 -0.0365835
6340 -0.231373 0.139888 -0.00595551 -0.0974409
6345 -0.280747 0.0800147 0.0467475 -0.153985
6350 -0.308193 0.0209481 0.0790173 -0.208228
6355 -0.312319 -0.0241635 0.0745079 -0.261974
6360 -0.292931 -0.051203 0.0312551 -0.312879
6365 -0.253733 -0.0623084 -0.0377656 -0.353807
6370 -0.205728 -0.0606387 -0.110925 -0.377292
6375 -0.164662 -0.0480417 -0.168134 -0.380837
6380 -0.139367 -0.0298286 -0.198408 -0.367604
6385 -0.123391 -0.0176915 -0.201352 -0.342435
6390 -0.102152 -0.0244217 -0.180178 -0.306752
6395 -0.0663011 -0.0564212 -0.137115 -0.259837
6400 -0.0151359 -0.10973 -0.0770727 -0.201939
6405 0.0496684 -0.170022 -0.00918906 -0.129543
6410 0.126889 -0.217526 0.0568747 -0.0337619
6415 0.212445 -0.236973 0.111336 0.0868079
6420 0.29501 -0.222263 0.142667 0.215414
6425 0.357743 -0.174406 0.140186 0.323524
6430 0.386736 -0.102628 0.101604 0.385712
6435 0.378788 -0.0231746 0.0377725 0.393386
6440 0.33957 0.0462172 -0.0326426 0.353145
6445 0.276462 0.0941362 -0.0940927 0.276505
6450 0.197756 0.119682 -0.140561 0.176876
6455 0.114369 0.125996 -0.1706 0.0697653
6460 0.03719 0.113961 -0.180684 -0.0295333
6465 -0.0276895 0.0847962 -0.166473 -0.109366
6470 -0.0810269 0.046593 -0.129872 -0.164306
6475 -0.126619 0.0123462 -0.0805472 -0.19482
6480 -0.165275 -0.00896946 -0.0300434 -0.204288
6485 -0.192324 -0.0134412 0.0138395 -0.191925
6490 -0.201812 0.00269787 0.0460753 -0.153039
6495 -0.194097 0.0409069 0.0612825 -0.0919074
6500 -0.17756 0.0929764 0.055554 -0.0290296
6505 -0.159227 0.143532 0.0299236 0.0142288
6510 -0.137881 0.180884 -0.00673208 0.0362716
6515 -0.109889 0.201601 -0.0416315 0.0500808
6520 -0.0768541 0.203697 -0.0669942 0.0598486
6525 -0.0452697 0.181208 -0.082147 0.0537912
6530 -0.021535 0.129214 -0.0881023 0.0195765
6535 -0.00895067 0.051891 -0.085727 -0.0427866
6540 -0.00589568 -0.0362132 -0.0784703 -0.120579
6545 -0.0071861 -0.116412 -0.0685231 -0.192121
6550 -0.0116141 -0.173967 -0.0538942 -0.239475
6555 -0.0242667 -0.202829 -0.0314261 -0.258522
6560 -0.0479463 -0.203831 -0.000533999 -0.252311
6565 -0.074693 -0.178883 0.0353029 -0.218274
6570 -0.0900828 -0.129648 0.0708275 -0.148904
6575 -0.0836837 -0.0616857 0.102894 -0.0424754
6580 -0.0528625 0.0135391 0.130898 0.0915749
6585 8.16985e-05 0.0809402 0.15518 0.236202
6590 0.0686648 0.128077 0.174267 0.371008
6595 0.140814 0.147765 0.183862 0.47244
6600 0.203525 0.136841 0.179887 0.520252
6605 0.250421 0.096529 0.159795 0.506745
6610 0.281737 0.033671 0.122898 0.438306
6615 0.296108 -0.0415676 0.0727676 0.327308
6620 0.287184 -0.118218 0.0147032 0.183669
6625 0.252307 -0.184993 -0.0468727 0.0204419
6630 0.19737 -0.23397 -0.107917 -0.144518
6635 0.131031 -0.26356 -0.164824 -0.297352
6640 0.0601294 -0.273663 -0.211354 -0.424888
6645 -0.0082912 -0.263152 -0.237186 -0.508629
6650 -0.0656023 -0.234075 -0.232376 -0.532053
6655 -0.104998 -0.193327 -0.194213 -0.492538
6660 -0.124818 -0.147156 -0.130951 -0.402925
6665 -0.127322 -0.0986592 -0.0574848 -0.283466
6670 -0.117155 -0.0500156 0.0146391 -0.152532
6675 -0.0998176 -0.00312055 0.0809418 -0.0219963
6680 -0.0792541 0.0396423 0.137499 0.0978875
6685 -0.0540374 0.0785319 0.177774 0.202269
6690 -0.0199773 0.11696 0.195818 0.292801
6695 0.0225519 0.155956 0.192459 0.370966
6700 0.0681457 0.191211 0.174484 0.43384
6705 0.109764 0.215699 0.146343 0.471806
6710 0.142184 0.227002 0.108457 0.477642
6715 0.161978 0.229997 0.061086 0.45306
6720 0.165282 0.227783 0.00783471 0.4009
6725 0.150405 0.215582 -0.0452871 0.3207
6730 0.120274 0.18559 -0.0963282 0.209536
6735 0.0805708 0.134334 -0.146725 0.06818
6740 0.0365519 0.0642785 -0.193816 -0.0929858
6745 -0.00834522 -0.0191396 -0.230212 -0.257697
6750 -0.0537187 -0.110796 -0.249796 -0.414311
6755 -0.0981511 -0.204757 -0.248682 -0.55159
6760 -0.134992 -0.288976 -0.221656 -0.645625
6765 -0.158314 -0.343563 -0.16456 -0.666437
6770 -0.169722 -0.352755 -0.0825913 -0.605068
6775 -0.178149 -0.317796 0.0075693 -0.488375
6780 -0.191664 -0.252658 0.0876505 -0.356671
6785 -0.208366 -0.171482 0.145228 -0.23462
6790 -0.217399 -0.0843589 0.175167 -0.126591
6795 -0.209674 0.00244563 0.177958 -0.029271
6800 -0.184657 0.0836989 0.156432 0.055474
6805 -0.147655 0.151927 0.11674 0.121012
6810 -0.104948 0.20059 0.0689106 0.164552
6815 -0.0599549 0.230423 0.0222921 0.19276
6820 -0.0143843 0.247404 -0.0173067 0.215713
6825 0.0270025 0.253407 -0.0455543 0.234855
6830 0.0537163 0.241818 -0.0572505 0.238283
6835 0.0544129 0.206123 -0.0481564 0.21238
6840 0.024182 0.148638 -0.0217607 0.15106
6845 -0.0314531 0.0804615 0.0096031 0.0586114
6850 -0.0978328 0.0156718 0.0346428 -0.0475182
6855 -0.158906 -0.0368983 0.0512091 -0.144596
6860 -0.202907 -0.0740774 0.062702 -0.214282
6865 -0.219845 -0.0939434 0.0710534 -0.242735
6870 -0.202077 -0.094133 0.0740389 -0.222171
6875 -0.147383 -0.0732 0.0693618 -0.151221
6880 -0.0622973 -0.0341482 0.0596175 -0.0368281
6885 0.0348363 0.0150912 0.0531907 0.103118
6890 0.120629 0.0652109 0.0583166 0.244156
6895 0.181549 0.108331 0.078769 0.368649
6900 0.218391 0.137561 0.112571 0.468523
6905 0.235214 0.14792 0.151049 0.534183
6910 0.23154 0.136241 0.180989 0.54877
6915 0.20808 0.0974221 0.190522 0.496024
6920 0.17129 0.0263684 0.173119 0.370777
6925 0.129144 -0.0719832 0.128681 0.185841
6930 0.0873724 -0.180622 0.0645764 -0.0286732
6935 0.0503566 -0.27812 -0.00586175 -0.233625
6940 0.0219412 -0.346804 -0.0671237 -0.391987
6945 0.00650153 -0.375458 -0.105294 -0.474251
6950 0.00796411 -0.361458 -0.111959 -0.465453
6955 0.0262363 -0.308884 -0.0861246 -0.368772
6960 0.0552708 -0.226418 -0.0351643 -0.206312
6965 0.0859583 -0.127542 0.0273384 -0.0142448
6970 0.111527 -0.029985 0.0856354 0.167177
6975 0.131621 0.0496597 0.127727 0.309008
6980 0.146248 0.105427 0.151441 0.403116
6985 0.15067 0.141951 0.163139 0.45576
6990 0.142143 0.166712 0.168917 0.477773
6995 0.124294 0.187325 0.167933 0.479551
7000 0.103577 0.209168 0.153694 0.466438
7005 0.0859683 0.23357 0.121542 0.44108
7010 0.0740218 0.259578 0.0734104 0.40701
7015 0.0650316 0.283311 0.0156867 0.364029
7020 0.0550947 0.296695 -0.0468019 0.304988
7025 0.0430027 0.290448 -0.115201 0.218249
7030 0.0257567 0.262028 -0.191523 0.0962614
7035 -0.00389506 0.219189 -0.268503 -0.0532093
7040 -0.0531096 0.171516 -0.32788 -0.209474
7045 -0.121962 0.12536 -0.350086 -0.346687
7050 -0.200251 0.0847835 -0.326145 -0.441612
7055 -0.272095 0.0486309 -0.261479 -0.484943
7060 -0.323669 0.0125163 -0.171909 -0.483062
7065 -0.344207 -0.0231229 -0.0777957 -0.445126
7070 -0.323004 -0.0538904 0.00301663 -0.373877
7075 -0.254448 -0.0744906 0.0607258 -0.268213
7080 -0.148621 -0.0794414 0.0933538 -0.134709
7085 -0.0302786 -0.064321 0.102416 0.00781606
7090 0.0761898 -0.0313365 0.0912967 0.13615
7095 0.158522 0.00847493 0.0647724 0.231769
7100 0.217832 0.0406821 0.0292424 0.287757
7105 0.258589 0.0558106 -0.00566194 0.308738
7110 0.277805 0.0512534 -0.0314683 0.29759
7115 0.26762 0.0285353 -0.0456966 0.250459
7120 0.224139 -0.00750268 -0.0508815 0.165755
7125 0.151758 -0.0485651 -0.0494259 0.0537674
7130 0.0608985 -0.0857049 -0.0423097 -0.067116
7135 -0.0368894 -0.111782 -0.0320952 -0.180767
7140 -0.130124 -0.121085 -0.0223952 -0.273605
7145 -0.206658 -0.111538 -0.012586 -0.330782
7150 -0.254979 -0.0865428 0.000158538 -0.341363
7155 -0.268115 -0.05267 0.0151486 -0.305636
7160 -0.244984 -0.0165246 0.0287862 -0.232722
7165 -0.189378 0.0160888 0.0346587 -0.138631
7170 -0.112082 0.0398366 0.0280135 -0.0442319
7175 -0.0327205 0.0509892 0.0105619 0.0288306
7180 0.0268653 0.0499237 -0.0150289 0.0617601
7185 0.0528808 0.0410722 -0.0512442 0.0427088
7190 0.0460672 0.0302331 -0.100489 -0.0241882
7195 0.0194312 0.0205962 -0.155987 -0.11596
7200 -0.0106764 0.0130673 -0.20367 -0.201279
7205 -0.0316517 0.00696172 -0.231585 -0.256275
7210 -0.0376844 -0.00115863 -0.234914 -0.273757
7215 -0.0302526 -0.0160908 -0.214171 -0.260514
7220 -0.0170528 -0.0391499 -0.17275 -0.228953
7225 -0.00636982 -0.065365 -0.112136 -0.183871
7230 -0.000336176 -0.0865574 -0.033808 -0.120702
7235 0.00536568 -0.0966069 0.0499175 -0.0413237
7240 0.0159662 -0.0938442 0.11748 0.0396022
7245 0.0313765 -0.0781229 0.154028 0.107282
7250 0.0475921 -0.0476597 0.158821 0.158754
7255 0.063935 -0.00243929 0.139728 0.201223
7260 0.0855456 0.0481228 0.108016 0.241684
7265 0.115775 0.0838129 0.0735499 0.273138
7270 0.151358 0.0843357 0.0404744 0.276168
7275 0.183959 0.0407616 0.00854893 0.23327
7280 0.204324 -0.0372812 -0.0219055 0.145137
7285 0.208782 -0.125633 -0.0483815 0.0347676
7290 0.200641 -0.199943 -0.0681079 -0.0674098
7295 0.185021 -0.244609 -0.0808137 -0.140402
7300 0.164138 -0.25002 -0.0864566 -0.172339
7305 0.135685 -0.210339 -0.084296 -0.158951
7310 0.0943539 -0.129224 -0.0783962 -0.113266
7315 0.038869 -0.0245966 -0.0754392 -0.0611668
7320 -0.0219357 0.0781681 -0.0783982 -0.0221658
7325 -0.0764625 0.157121 -0.0847554 -0.00409659
7330 -0.120683 0.199716 -0.0864645 -0.00743129
7335 -0.157265 0.201059 -0.07418 -0.0303865
7340 -0.187139 0.162077 -0.0430544 -0.0681161
7345 -0.205746 0.0905043 0.00858459 -0.106657
7350 -0.207225 0.00177222 0.0789715 -0.126481
7355 -0.190295 -0.0823999 0.159752 -0.112943
7360 -0.159495 -0.139606 0.236421 -0.0626807
7365 -0.120856 -0.153795 0.292912 0.0182606
7370 -0.0755052 -0.117721 0.316313 0.123086
7375 -0.0188745 -0.0329008 0.301649 0.249874
7380 0.0501451 0.0903402 0.253898 0.394384
7385 0.118827 0.230655 0.184904 0.534385
7390 0.167318 0.355884 0.107091 0.630292
7395 0.186317 0.434788 0.0297911 0.650897
7400 0.181222 0.449986 -0.0376919 0.593516
7405 0.16267 0.399783 -0.0821057 0.480347
7410 0.14117 0.294294 -0.09119 0.344274
7415 0.125024 0.153603 -0.0623833 0.216243
7420 0.117841 0.00232635 -0.00556446 0.114603
7425 0.117723 -0.135549 0.0620772 0.0442503
7430 0.119647 -0.23912 0.121169 0.00169498
7435 0.118087 -0.292716 0.154241 -0.0203892
7440 0.107068 -0.288806 0.152123 -0.0296152
7445 0.0830571 -0.2311 0.119164 -0.0288789
7450 0.0494714 -0.134435 0.0704829 -0.014481
7455 0.0134515 -0.0207525 0.0209646 0.0136636
7460 -0.0218474 0.0854186 -0.0242982 0.0392731
7465 -0.0582513 0.16377 -0.0684167 0.037102
7470 -0.0972348 0.204151 -0.112732 -0.00581546
7475 -0.1356 0.206914 -0.149679 -0.0783655
7480 -0.166977 0.177029 -0.168998 -0.158946
7485 -0.187212 0.120839 -0.168352 -0.234725
7490 -0.197434 0.0502953 -0.152776 -0.299915
7495 -0.200586 -0.0154399 -0.126157 -0.342184
7500 -0.19416 -0.056087 -0.0898107 -0.340057
7505 -0.168746 -0.0616521 -0.0486995 -0.279098
7510 -0.118195 -0.0373663 -0.0144622 -0.170023
7515 -0.0510872 0.00459811 0.000781391 -0.0457077
7520 0.0122588 0.0561237 -0.00678079 0.0616017
7525 0.0553324 0.110148 -0.0325163 0.132964
7530 0.074371 0.15246 -0.0665462 0.160285
7535 0.0734586 0.167075 -0.0971721 0.143362
7540 0.056309 0.149655 -0.114189 0.0917748
7545 0.0228433 0.111897 -0.111629 0.0231112
7550 -0.0260294 0.0698751 -0.0918564 -0.0480107
7555 -0.0789121 0.0308097 -0.0664586 -0.114561
7560 -0.117564 -0.00509474 -0.0498697 -0.172528
7565 -0.128512 -0.0348907 -0.0515243 -0.214927
7570 -0.109454 -0.0513964 -0.0755252 -0.236376
7575 -0.0655348 -0.0507793 -0.119499 -0.235813
7580 -0.0022502 -0.0361156 -0.172599 -0.210965
7585 0.0748041 -0.0122857 -0.216511 -0.153993
7590 0.154622 0.0172724 -0.232143 -0.060249
7595 0.221638 0.0511419 -0.207792 0.0649884
7600 0.262522 0.0891879 -0.143727 0.207982
7605 0.271214 0.127378 -0.0502739 0.348318
7610 0.248509 0.154695 0.0559319 0.459135
7615 0.199422 0.158555 0.156835 0.514813
7620 0.130087 0.133876 0.23938 0.503342
7625 0.0481281 0.0871262 0.300035 0.43529
7630 -0.0345032 0.0313471 0.342 0.338844
7635 -0.104362 -0.0241719 0.366234 0.2377
7640 -0.152602 -0.0786254 0.368467 0.13724
7645 -0.176792 -0.135471 0.344961 0.0326985
7650 -0.180758 -0.196628 0.299274 -0.0781125
7655 -0.17367 -0.25953 0.236953 -0.196248
7660 -0.164783 -0.316017 0.159208 -0.321592
7665 -0.159869 -0.35788 0.067843 -0.449906
7670 -0.163867 -0.382909 -0.0316465 -0.578423
7675 -0.179647 -0.392344 -0.129373 -0.701363
7680 -0.202989 -0.387125 -0.21137 -0.801483
7685 -0.224678 -0.367069 -0.263934 -0.855681
7690 -0.23494 -0.329851 -0.27776 -0.842551
7695 -0.225839 -0.273018 -0.250491 -0.749347
7700 -0.193311 -0.199318 -0.187125 -0.579754
7705 -0.139735 -0.119256 -0.0989748 -0.357966
7710 -0.0749685 -0.0482858 -0.00224361 -0.125498
7715 -0.00942794 0.00138136 0.0863703 0.0783237
7720 0.0522391 0.0262405 0.155841 0.234321
7725 0.109146 0.0309582 0.203386 0.34349
7730 0.159246 0.0230764 0.231484 0.413806
7735 0.198402 0.00752545 0.244781 0.450709
7740 0.220488 -0.0150495 0.246344 0.451782
7745 0.220226 -0.0443655 0.235004 0.410864
7750 0.197528 -0.0749209 0.207919 0.330526
7755 0.154564 -0.0960382 0.164771 0.223296
7760 0.0950015 -0.100193 0.111497 0.106306
7765 0.0267164 -0.0889037 0.059753 -0.00243428
7770 -0.0371712 -0.0702839 0.0197252 -0.0877298
7775 -0.0826321 -0.0524074 -0.0062073 -0.141247
7780 -0.102696 -0.0379233 -0.0220258 -0.162646
7785 -0.100944 -0.0246359 -0.0340894 -0.15967
7790 -0.0881292 -0.009563 -0.0488767 -0.146569
7795 -0.074655 0.0101309 -0.0714095 -0.135934
7800 -0.0658143 0.0356885 -0.103174 -0.1333
7805 -0.0605795 0.0656941 -0.13987 -0.134755
7810 -0.0547072 0.0964783 -0.174379 -0.132608
7815 -0.045405 0.123386 -0.198936 -0.120955
7820 -0.0331276 0.142548 -0.204695 -0.0952746
7825 -0.0190544 0.153224 -0.186591 -0.0524213
7830 -0.00346324 0.15787 -0.147369 0.00703856
7835 0.0132052 0.159195 -0.094294 0.0781061
7840 0.0267689 0.15726 -0.0340266 0.150002
7845 0.0318075 0.152454 0.0275332 0.211795
7850 0.0310006 0.151031 0.0824692 0.264501
7855 0.0343791 0.162565 0.121184 0.318128
7860 0.0470011 0.192203 0.136666 0.37587
7865 0.0618814 0.233433 0.130792 0.426106
7870 0.0696358 0.26939 0.114947 0.453973
7875 0.0712246 0.282006 0.101481 0.454712
7880 0.0742382 0.260768 0.0944308 0.429437
7885 0.0830376 0.205448 0.0940237 0.38251
7890 0.0973362 0.120323 0.100573 0.318232
7895 0.115986 0.00999425 0.108479 0.234459
7900 0.137284 -0.113943 0.106582 0.129923
7905 0.160504 -0.23158 0.0883828 0.017307
7910 0.185908 -0.325687 0.0538678 -0.0859108
7915 0.208671 -0.390203 0.00243445 -0.179098
7920 0.21687 -0.427661 -0.0686087 -0.2794
7925 0.197512 -0.439176 -0.160065 -0.401729
7930 0.144079 -0.418712 -0.265391 -0.540025
7935 0.0630263 -0.361011 -0.366729 -0.664713
7940 -0.0289451 -0.271852 -0.441549 -0.742346
7945 -0.114437 -0.1688 -0.475191 -0.758428
7950 -0.181006 -0.0738025 -0.463656 -0.718465
7955 -0.218754 -0.00147149 -0.409474 -0.6297
7960 -0.218299 0.0472067 -0.319307 -0.490399
7965 -0.176262 0.0778118 -0.203078 -0.301528
7970 -0.0990784 0.0943583 -0.0749929 -0.079713
7975 -0.000116594 0.0994921 0.0462056 0.145581
7980 0.104368 0.0983796 0.143074 0.345822
7985 0.198687 0.0984376 0.207496 0.50462
7990 0.267357 0.102794 0.241447 0.611598
7995 0.297434 0.106294 0.250078 0.653805
8000 0.283294 0.0980735 0.238263 0.619631
8005 0.227098 0.0695105 0.21251 0.509119
8010 0.136994 0.0224192 0.180111 0.339524
8015 0.0247262 -0.0310495 0.143855 0.137531
8020 -0.0968403 -0.076859 0.101325 -0.072374
8025 -0.214907 -0.105947 0.0531321 -0.267722
8030 -0.317152 -0.114641 0.00715846 -0.424634
8035 -0.391522 -0.102168 -0.0285608 -0.522251
8040 -0.427185 -0.0729438 -0.0540757 -0.554204
8045 -0.417893 -0.0351336 -0.0756682 -0.528695
8050 -0.366518 0.00565977 -0.0920521 -0.45291
8055 -0.284661 0.0474867 -0.0942671 -0.331441
8060 -0.186665 0.0901858 -0.0812552 -0.177734
8065 -0.0852501 0.13352 -0.0654561 -0.017186
8070 0.00887226 0.173482 -0.0617712 0.120583
8075 0.0851416 0.201734 -0.0746661 0.212209
8080 0.13317 0.212403 -0.0965037 0.249069
8085 0.147403 0.209706 -0.115501 0.241608
8090 0.131483 0.204428 -0.125322 0.210588
8095 0.0991418 0.201883 -0.124503 0.176522
8100 0.0686036 0.196591 -0.111656 0.153539
8105 0.0523857 0.179145 -0.0859683 0.145562
8110 0.0514778 0.144319 -0.047772 0.148025
8115 0.0577571 0.0926177 0.00155797 0.151933
8120 0.059867 0.026959 0.0580468 0.144873
8125 0.0484163 -0.0486562 0.115328 0.115088
8130 0.01768 -0.126872 0.16582 0.0566279
8135 -0.0328833 -0.196096 0.200681 -0.028299
8140 -0.0966424 -0.242259 0.212676 -0.126225
8145 -0.160267 -0.253978 0.202231 -0.212014
8150 -0.207763 -0.231092 0.175932 -0.262922
8155 -0.224576 -0.185034 0.141594 -0.268016
8160 -0.204034 -0.129926 0.107312 -0.226648
8165 -0.152628 -0.0757038 0.0806855 -0.147646
8170 -0.0865563 -0.0286895 0.0656943 -0.0495515
8175 -0.0193053 0.00802132 0.0616986 0.0504147
8180 0.046588 0.0330617 0.067099 0.146749
8185 0.113981 0.0458495 0.0789226 0.238753
8190 0.179317 0.0475459 0.0926127 0.319476
8195 0.23177 0.0405963 0.107211 0.379577
8200 0.261166 0.0286492 0.12351 0.413325
8205 0.261601 0.0146877 0.138984 0.415273
8210 0.23156 -0.00127842 0.146897 0.377178
8215 0.176072 -0.0156525 0.139558 0.299977
8220 0.107676 -0.0174271 0.112805 0.203054
8225 0.0409633 0.00349564 0.0668351 0.111294
8230 -0.0132541 0.0479251 0.00325596 0.0379269
8235 -0.0487196 0.106391 -0.0729375 -0.0152658
8240 -0.0639752 0.163499 -0.148284 -0.0487603
8245 -0.0628155 0.205657 -0.203458 -0.0606164
8250 -0.0486357 0.227983 -0.222592 -0.0432441
8255 -0.0208461 0.233411 -0.201697 0.0108675
8260 0.0173139 0.228264 -0.147825 0.0977535
8265 0.0498576 0.219123 -0.0725804 0.1964
8270 0.0568624 0.207484 0.0108983 0.275245
8275 0.0336302 0.188992 0.0904217 0.313044
8280 -0.00770056 0.159075 0.157164 0.308538
8285 -0.0529063 0.119081 0.203529 0.269703
8290 -0.0922223 0.0751274 0.218645 0.20155
8295 -0.115952 0.0296416 0.191618 0.105308
8300 -0.11434 -0.0201449 0.121168 -0.0133161
8305 -0.0870294 -0.0749913 0.0236868 -0.138334
8310 -0.0480958 -0.129159 -0.0720753 -0.249331
8315 -0.0198767 -0.171661 -0.142549 -0.334087
8320 -0.0184454 -0.193549 -0.182283 -0.394278
8325 -0.0422623 -0.192812 -0.197459 -0.432533
8330 -0.0745344 -0.168037 -0.189063 -0.431635
8335 -0.100362 -0.11855 -0.149952 -0.368864
8340 -0.117684 -0.0528281 -0.0792229 -0.249735
8345 -0.130285 0.0114501 0.00725421 -0.111581
8350 -0.136172 0.0580756 0.0852858 0.00718963
8355 -0.126488 0.0821647 0.136499 0.0921754
8360 -0.0964831 0.0875604 0.154139 0.145216
8365 -0.0489279 0.078914 0.140368 0.170354
8370 0.0120119 0.0554568 0.10265 0.170119
8375 0.0827931 0.0134071 0.0497171 0.145917
8380 0.155142 -0.0441748 -0.00853382 0.102434
8385 0.213232 -0.104119 -0.0586731 0.0504402
8390 0.24039 -0.1532 -0.0887187 -0.00152888
8395 0.228385 -0.188064 -0.096873 -0.0565519
8400 0.180827 -0.211565 -0.0900731 -0.120811
8405 0.107833 -0.222926 -0.075308 -0.190401
8410 0.0227319 -0.218446 -0.0549824 -0.250696
8415 -0.0551118 -0.198079 -0.0282823 -0.281473
8420 -0.103158 -0.167428 0.00114556 -0.269441
8425 -0.106902 -0.13193 0.0229629 -0.215869
8430 -0.0686581 -0.089277 0.0294756 -0.12846
8435 -0.0077414 -0.0326385 0.0244087 -0.0159712
8440 0.0517331 0.0391258 0.0208106 0.11167
8445 0.09448 0.118851 0.0306648 0.243995
8450 0.117442 0.198197 0.0565334 0.372173
8455 0.125055 0.271078 0.0916932 0.487826
8460 0.12267 0.328708 0.125665 0.577043
8465 0.112329 0.356664 0.151403 0.620396
8470 0.0954203 0.337759 0.169528 0.602707
8475 0.0767584 0.261091 0.179449 0.517299
8480 0.0604069 0.134679 0.17183 0.366916
8485 0.0436494 -0.012166 0.136976 0.16846
8490 0.0206121 -0.14236 0.0778516 -0.0438967
8495 -0.0113192 -0.229252 0.00717582 -0.233395
8500 -0.049045 -0.266483 -0.0628987 -0.378426
8505 -0.086986 -0.262324 -0.123408 -0.472718
8510 -0.118169 -0.229569 -0.166258 -0.513996
8515 -0.134124 -0.181362 -0.185271 -0.500757
8520 -0.129979 -0.131627 -0.181367 -0.442973
8525 -0.108926 -0.0918313 -0.161024 -0.361781
8530 -0.0783216 -0.0640948 -0.130951 -0.273367
8535 -0.0443092 -0.0394604 -0.0972476 -0.181017
8540 -0.00952123 -0.00712704 -0.0646879 -0.0813362
8545 0.0260171 0.0334116 -0.036178 0.0232507
8550 0.0610801 0.0704717 -0.0151264 0.116425
8555 0.0906703 0.0917734 -0.00296189 0.179482
8560 0.10867 0.0967797 0.00440701 0.209857
8565 0.112242 0.0950946 0.0154462 0.222783
8570 0.104855 0.0920988 0.0360346 0.232989
8575 0.0942873 0.0828241 0.0605784 0.23769
8580 0.0838005 0.0637366 0.0746174 0.222154
8585 0.0677909 0.0402873 0.0709702 0.179048
8590 0.0405742 0.021002 0.0564317 0.118008
8595 0.00401045 0.00958428 0.0402829 0.0538776
8600 -0.0320506 0.00252901 0.023717 -0.00580465
8605 -0.0548945 -0.00951633 0.00289026 -0.0615206
8610 -0.0597937 -0.0337891 -0.0205916 -0.114174
8615 -0.0550264 -0.0683288 -0.0377321 -0.161087
8620 -0.0535615 -0.105555 -0.0406916 -0.199809
8625 -0.0613051 -0.139271 -0.0281559 -0.228732
8630 -0.0763461 -0.165921 -0.00351463 -0.245782
8635 -0.093036 -0.182872 0.0299371 -0.245971
8640 -0.108284 -0.189162 0.0726323 -0.224813
8645 -0.124594 -0.184431 0.125053 -0.183971
8650 -0.144616 -0.166804 0.180795 -0.130625
8655 -0.165251 -0.135584 0.229461 -0.0713735
8660 -0.180942 -0.0941825 0.263079 -0.0120462
8665 -0.188648 -0.0483702 0.276762 0.0397435
8670 -0.187382 -0.00484787 0.267921 0.0756908
8675 -0.177878 0.0298356 0.231946 0.083904
8680 -0.161805 0.0503408 0.162933 0.0514692
8685 -0.139714 0.0545818 0.0633284 -0.0218035
8690 -0.110487 0.0441498 -0.0515657 -0.117902
8695 -0.0768822 0.02196 -0.162591 -0.217513
8700 -0.0485512 -0.00427124 -0.257607 -0.31043
8705 -0.0336011 -0.0220126 -0.330914 -0.386527
8710 -0.0298686 -0.0234876 -0.375562 -0.428918
8715 -0.027778 -0.01158 -0.381866 -0.421224
8720 -0.0194322 0.00508525 -0.345725 -0.360072
8725 -0.00218408 0.0205907 -0.275924 -0.257517
8730 0.0224419 0.0348294 -0.189716 -0.132444
8735 0.0490652 0.052034 -0.103575 -0.00247547
8740 0.0717493 0.075933 -0.0263279 0.121354
8745 0.0875942 0.106401 0.0376568 0.231652
8750 0.0965631 0.140221 0.0842515 0.321035
8755 0.0982636 0.172344 0.111113 0.38172
8760 0.0934308 0.197151 0.119891 0.410473
8765 0.0859016 0.209602 0.116169 0.411672
8770 0.0777777 0.207489 0.10705 0.392317
8775 0.0687354 0.191227 0.0975589 0.357522
8780 0.0602713 0.161541 0.0863319 0.308144
8785 0.0556171 0.118503 0.0664221 0.240542
8790 0.0577555 0.0639201 0.0328334 0.154509
8795 0.0677017 0.00543652 -0.0107156 0.0624226
8800 0.0823752 -0.0460246 -0.0544902 -0.0181395
8805 0.0970006 -0.0832512 -0.0908766 -0.0771272
8810 0.108096 -0.106794 -0.115089 -0.113788
8815 0.115053 -0.122431 -0.124387 -0.131765
8820 0.120548 -0.135836 -0.119232 -0.13452
8825 0.12604 -0.147983 -0.10129 -0.123233
8830 0.129291 -0.157203 -0.0743059 -0.102217
8835 0.128742 -0.16245 -0.0492177 -0.0829258
8840 0.127301 -0.159623 -0.0392051 -0.071527
8845 0.126107 -0.140977 -0.0489841 -0.0638544
8850 0.121623 -0.102255 -0.0722372 -0.0528691
8855 0.108194 -0.0479725 -0.0960328 -0.0358118
8860 0.0831611 0.0126118 -0.109371 -0.0135979
8865 0.0491942 0.0717229 -0.108387 0.0125305
8870 0.00845392 0.122431 -0.0929482 0.037937
8875 -0.0387993 0.155918 -0.0641183 0.0530007
8880 -0.0866032 0.161912 -0.0264804 0.0488288
8885 -0.122891 0.136925 0.0140256 0.0280591
8890 -0.139263 0.0893599 0.0510317 0.00112845
8895 -0.137429 0.0301794 0.0768843 -0.030365
8900 -0.127828 -0.0380528 0.0873775 -0.0785029
8905 -0.11942 -0.116214 0.0842767 -0.151358
8910 -0.110869 -0.197197 0.0721704 -0.235895
8915 -0.0953876 -0.263731 0.0551903 -0.303929
8920 -0.071383 -0.29829 0.0337584 -0.335915
8925 -0.0435383 -0.294999 0.00647298 -0.332065
8930 -0.0144825 -0.260079 -0.0240054 -0.298567
8935 0.0196574 -0.202938 -0.0489784 -0.232259
8940 0.0627295 -0.129677 -0.0592289 -0.126176
8945 0.112631 -0.0415828 -0.0506702 0.0203781
8950 0.164287 0.0585585 -0.0268449 0.196001
8955 0.21208 0.159332 0.00531596 0.376727
8960 0.247664 0.242986 0.0390048 0.529655
8965 0.26076 0.295256 0.0683966 0.624413
8970 0.245331 0.312226 0.0899 0.647457
8975 0.204715 0.299616 0.101093 0.605424
8980 0.150088 0.265552 0.100462 0.516102
8985 0.0884286 0.215278 0.0866307 0.390337
8990 0.0200585 0.154803 0.0588228 0.233685
8995 -0.0521173 0.0927639 0.0199936 0.0606402
9000 -0.120338 0.0400928 -0.0252185 -0.105464
9005 -0.175071 0.00470897 -0.0714146 -0.241777
9010 -0.210749 -0.0150951 -0.111566 -0.33741
9015 -0.227743 -0.0266416 -0.139719 -0.394104
9020 -0.231357 -0.0341102 -0.153041 -0.418508
9025 -0.226199 -0.0352505 -0.151835 -0.413284
9030 -0.212305 -0.0267931 -0.137143 -0.37624
9035 -0.18785 -0.0108628 -0.111178 -0.30989
9040 -0.152614 0.00447775 -0.0816201 -0.229757
9045 -0.108465 0.0099673 -0.0600849 -0.158583
9050 -0.0591171 -0.000848838 -0.052062 -0.112028
9055 -0.00897788 -0.0287832 -0.0532685 -0.0910296
9060 0.0394903 -0.0682132 -0.0559471 -0.0846699
9065 0.0844198 -0.111914 -0.0536949 -0.0811894
9070 0.118519 -0.153248 -0.0391429 -0.0738716
9075 0.129999 -0.185112 -0.00453827 -0.0596511
9080 0.112229 -0.200685 0.0501842 -0.0382717
9085 0.0710001 -0.194853 0.114643 -0.00921011
9090 0.0228708 -0.165192 0.173456 0.031135
9095 -0.015811 -0.114954 0.215211 0.0844455
9100 -0.040886 -0.0542462 0.235682 0.14055
9105 -0.0587301 0.00476026 0.234821 0.180851
9110 -0.0754689 0.0541285 0.213243 0.191902
9115 -0.0903041 0.0897576 0.173177 0.17263
9120 -0.097703 0.104594 0.120504 0.127395
9125 -0.093938 0.0912556 0.0653557 0.0626732
9130 -0.0807952 0.0522402 0.0179299 -0.010625
9135 -0.0614751 0.00394165 -0.0176969 -0.0752304
9140 -0.0353943 -0.0342593 -0.0385484 -0.108202
9145 -0.000912731 -0.0529932 -0.0380383 -0.0919443
9150 0.0391863 -0.05346 -0.0129901 -0.0272638
9155 0.078262 -0.0408159 0.0315507 0.0689968
9160 0.106639 -0.0202677 0.0828239 0.169195
9165 0.114467 0.00299582 0.125857 0.243319
9170 0.0983852 0.0233946 0.153184 0.274964
9175 0.0627076 0.0339734 0.164856 0.261537
9180 0.0151983 0.026265 0.15826 0.199724
9185 -0.0345143 -0.00376113 0.127306 0.0890309
9190 -0.0739093 -0.0473867 0.0721391 -0.0491569
9195 -0.0919031 -0.0868437 0.00186526 -0.176882
9200 -0.0823674 -0.108545 -0.0690822 -0.259994
9205 -0.0468063 -0.110002 -0.124198 -0.281006
9210 0.00388501 -0.0973776 -0.149309 -0.242802
9215 0.0548471 -0.0789424 -0.137323 -0.161418
9220 0.0932346 -0.0564959 -0.0907157 -0.053977
9225 0.108775 -0.0236784 -0.0222999 0.0627963
9230 0.0933999 0.0270942 0.0491129 0.169607
9235 0.0455565 0.0971529 0.106539 0.249248
9240 -0.0266507 0.178777 0.140138 0.292265
9245 -0.108325 0.255109 0.14872 0.295504
9250 -0.183062 0.305186 0.137589 0.259713
9255 -0.2373 0.313679 0.113406 0.189785
9260 -0.26084 0.280024 0.0830813 0.102266
9265 -0.244685 0.217522 0.0574323 0.0302691
9270 -0.184363 0.143327 0.0490459 0.00801003
9275 -0.0897193 0.0684202 0.0603292 0.03903
9280 0.0126153 -0.00311679 0.0776176 0.0871161
9285 0.0931457 -0.0678787 0.0811272 0.106394
9290 0.135282 -0.120275 0.0593605 0.0743681
9295 0.137238 -0.154131 0.0154143 -0.00147853
9300 0.107505 -0.165638 -0.0399762 -0.0981092
9305 0.0593773 -0.155268 -0.099911 -0.195802
9310 0.00785445 -0.124571 -0.161309 -0.278025
9315 -0.0335036 -0.0736166 -0.216113 -0.323234
9320 -0.0543257 -0.00490383 -0.251333 -0.310562
9325 -0.0474166 0.0746316 -0.259379 -0.232164
9330 -0.0111839 0.155444 -0.241926 -0.0976652
9335 0.0490351 0.223399 -0.205816 0.0666178
9340 0.122884 0.262094 -0.159684 0.225293
9345 0.19836 0.262186 -0.110177 0.350368
9350 0.261832 0.227333 -0.058759 0.430406
9355 0.299311 0.167968 -0.00793334 0.459345
9360 0.301828 0.0936613 0.034406 0.429895
9365 0.26994 0.0120584 0.0614059 0.343404
9370 0.212153 -0.067436 0.0738055 0.218522
9375 0.139915 -0.129649 0.077955 0.0882205
9380 0.0656789 -0.157971 0.0786717 -0.0136209
9385 0.00271092 -0.142748 0.0764931 -0.0635438
9390 -0.0387009 -0.0886058 0.0717042 -0.0556025
9395 -0.0543318 -0.0146432 0.0662217 -0.00275334
9400 -0.0476332 0.055512 0.0621707 0.0700494
9405 -0.0263797 0.10074 0.0619281 0.136289
9410 0.00262142 0.105304 0.0685225 0.176448
9415 0.0334683 0.0650003 0.0829691 0.181438
9420 0.0558523 -0.0108733 0.102914 0.147893
9425 0.0561904 -0.10339 0.122822 0.0756219
9430 0.0298084 -0.189019 0.132455 -0.0267551
9435 -0.0132583 -0.24616 0.118926 -0.140493
9440 -0.0564075 -0.261233 0.0757327 -0.241908
9445 -0.0893264 -0.230652 0.0125505 -0.307428
9450 -0.110289 -0.159743 -0.0509212 -0.320953
9455 -0.118738 -0.0629029 -0.0983214 -0.279963
9460 -0.110291 0.0384103 -0.121832 -0.193713
9465 -0.0784856 0.120326 -0.119428 -0.077588
9470 -0.0231473 0.164293 -0.0908517 0.050294
9475 0.0432736 0.163865 -0.0369041 0.170235
9480 0.0987181 0.124686 0.0379342 0.261338
9485 0.127084 0.0586257 0.12374 0.309449
9490 0.129271 -0.0188453 0.205959 0.316385
9495 0.117261 -0.0870231 0.269266 0.299504
9500 0.101099 -0.122635 0.301705 0.280169
9505 0.0814864 -0.113713 0.294706 0.262479
9510 0.0541731 -0.0705857 0.244489 0.228076
9515 0.0194356 -0.0175714 0.15738 0.159244
9520 -0.016131 0.0257545 0.0480409 0.0576644
9525 -0.0469565 0.0536811 -0.0660805 -0.059356
9530 -0.0730612 0.0683725 -0.168846 -0.173535
9535 -0.0954953 0.0703755 -0.247712 -0.272832
9540 -0.111467 0.0589422 -0.290453 -0.342978
9545 -0.114836 0.0391974 -0.285743 -0.361381
9550 -0.0996492 0.0212003 -0.234824 -0.313273
9555 -0.0643378 0.0136293 -0.158958 -0.209667
9560 -0.01279 0.0183406 -0.089287 -0.0837364
9565 0.0461462 0.0309838 -0.0453136 0.0318164
9570 0.100373 0.047404 -0.0290012 0.118776
9575 0.140306 0.0652184 -0.0325913 0.172933
9580 0.161028 0.0810357 -0.0490001 0.193064
9585 0.159121 0.0888677 -0.0763491 0.17164
9590 0.132754 0.0826399 -0.114388 0.101005
9595 0.0881005 0.058146 -0.157849 -0.0116021
9600 0.0382391 0.0168184 -0.195837 -0.14078
9605 -0.00665734 -0.0317223 -0.218405 -0.256785
9610 -0.0427071 -0.0754852 -0.221726 -0.339918
9615 -0.0672404 -0.107772 -0.209712 -0.384724
9620 -0.075865 -0.126006 -0.189482 -0.391353
9625 -0.0690355 -0.128903 -0.163908 -0.361847
9630 -0.0562669 -0.1157 -0.132007 -0.303974
9635 -0.0513748 -0.0893124 -0.093753 -0.23444
9640 -0.059123 -0.0582426 -0.0516621 -0.169028
9645 -0.070019 -0.0308317 -0.00921333 -0.110064
9650 -0.0715772 -0.0112746 0.0340209 -0.0488309
9655 -0.0587967 -0.00364766 0.0817589 0.0193145
9660 -0.0348011 -0.0132093 0.133624 0.0856139
9665 -0.00635333 -0.0421902 0.182832 0.134288
9670 0.0191431 -0.0881257 0.222086 0.153103
9675 0.0369294 -0.145562 0.248331 0.139698
9680 0.0461635 -0.206576 0.260423 0.100011
9685 0.0436994 -0.263044 0.257693 0.0383489
9690 0.0251019 -0.307795 0.238847 -0.0438461
9695 -0.00579928 -0.333778 0.201123 -0.138454
9700 -0.0361622 -0.335185 0.144481 -0.226866
9705 -0.0548006 -0.310826 0.0754896 -0.290137
9710 -0.0611084 -0.264482 0.0040275 -0.321563
9715 -0.0620201 -0.202618 -0.0606812 -0.32532
9720 -0.0615546 -0.133048 -0.111912 -0.306515
9725 -0.055753 -0.0624176 -0.145096 -0.263266
9730 -0.0385074 0.00503055 -0.156715 -0.190192
9735 -0.0103734 0.0666105 -0.146837 -0.0906004
9740 0.021286 0.119405 -0.121882 0.0188089
9745 0.0492896 0.160107 -0.0896848 0.119711
9750 0.0704044 0.188766 -0.0523854 0.206785
9755 0.0833722 0.209201 -0.0107788 0.281794
9760 0.0845917 0.222778 0.0242066 0.331577
9765 0.0662871 0.225724 0.033963 0.325974
9770 0.0231677 0.214729 0.010763 0.24866
9775 -0.0410323 0.191873 -0.0318418 0.118999
9780 -0.113994 0.162101 -0.0684833 -0.0203756
9785 -0.180498 0.128939 -0.0827428 -0.134302
9790 -0.230413 0.0945376 -0.0781067 -0.213982
9795 -0.259726 0.0623672 -0.0667482 -0.264106
9800 -0.264711 0.0378208 -0.0537252 -0.280615
9805 -0.242172 0.027094 -0.0366232 -0.251701
9810 -0.192759 0.0336607 -0.015359 -0.174457
9815 -0.123744 0.056348 0.0038602 -0.0635355
9820 -0.0498737 0.0903394 0.0136706 0.0541362
9825 0.0115329 0.127277 0.0120039 0.150814
9830 0.0493148 0.158723 0.00248679 0.210524
9835 0.0609827 0.180763 -0.00781635 0.233929
9840 0.0504764 0.193594 -0.0128375 0.231233
9845 0.0239179 0.196712 -0.0109341 0.209696
9850 -0.0117069 0.190458 -0.00398787 0.174763
9855 -0.0483673 0.176822 0.00525686 0.133711
9860 -0.0760408 0.15497 0.0145774 0.0935065
9865 -0.0844731 0.121976 0.0237969 0.0613003
9870 -0.0693199 0.0789926 0.0363005 0.0459732
9875 -0.0356911 0.0317965 0.0574587 0.0535641
9880 0.00581945 -0.0130444 0.0870477 0.0798227
9885 0.0464528 -0.0493841 0.114357 0.111426
9890 0.0815181 -0.0752122 0.125427 0.131733
9895 0.106717 -0.0923208 0.114875 0.129271
9900 0.118424 -0.100064 0.0890918 0.107452
9905 0.117584 -0.0940398 0.0591278 0.0826723
9910 0.109228 -0.0716679 0.032996 0.0705559
9915 0.0967158 -0.0368365 0.0131519 0.0730312
9920 0.0816645 0.00261459 -0.00468653 0.0795926
9925 0.0670302 0.038515 -0.0272353 0.0783099
9930 0.0576057 0.0635843 -0.0553468 0.0658432
9935 0.0574974 0.0750339 -0.0847292 0.0478021
9940 0.0683598 0.0775403 -0.111945 0.033955
9945 0.0863693 0.0773164 -0.133585 0.0301009
9950 0.101457 0.0776526 -0.143687 0.0354227
9955 0.104458 0.0798274 -0.136483 0.0478027
9960 0.0933644 0.0824561 -0.109886 0.0659348
9965 0.0691564 0.0805563 -0.0675669 0.0821458
9970 0.0309396 0.0692359 -0.0173038 0.0828717
9975 -0.0226266 0.0476534 0.0317283 0.0567551
9980 -0.0889587 0.0166994 0.0720413 -0.000217916
9985 -0.159632 -0.0242601 0.096168 -0.0877241
9990 -0.220688 -0.0739913 0.0957515 -0.198927
9995 -0.255857 -0.127616 0.0654468 -0.318026
10000 -0.254008 -0.179009 0.00720809 -0.425809
